[gd_scene format=3 uid="uid://b320lgd4kp3ya"]

[ext_resource type="Script" uid="uid://j00k3fiecr05" path="res://object_spawn.gd" id="1_0yh3f"]
[ext_resource type="Material" uid="uid://7dyo7kkm0s0d" path="res://planets/materials/02_horse_skybox.tres" id="2_ga5oq"]
[ext_resource type="Material" uid="uid://byg2pu1oat7ky" path="res://planets/materials/02_horse_toon_shader.tres" id="2_t51te"]
[ext_resource type="PackedScene" uid="uid://dd1q0dg8wn1nx" path="res://Scenes/DialogueManager/InteractionAreaTemplate.tscn" id="4_t51te"]
[ext_resource type="PackedScene" uid="uid://cea4qqppfgm2" path="res://Character Scenes/Door_Boiler.tscn" id="5_t51te"]
[ext_resource type="Texture2D" uid="uid://iqulsrvyu4gl" path="res://VFX assets/bug_sprite.png" id="6_oaqhs"]

[sub_resource type="ProceduralSkyMaterial" id="ProceduralSkyMaterial_id08o"]
sky_top_color = Color(0.7019608, 0.7019608, 0.72156864, 1)
sky_horizon_color = Color(0.7019608, 0.7019608, 0.72156864, 1)
ground_bottom_color = Color(0.7019608, 0.7019608, 0.72156864, 1)
ground_horizon_color = Color(0.7019608, 0.7019608, 0.72156864, 1)
ground_energy_multiplier = 0.5

[sub_resource type="Sky" id="Sky_4pae5"]
sky_material = SubResource("ProceduralSkyMaterial_id08o")

[sub_resource type="Environment" id="Environment_rtanu"]
background_mode = 2
sky = SubResource("Sky_4pae5")
tonemap_mode = 2
glow_enabled = true

[sub_resource type="SphereMesh" id="SphereMesh_js2l7"]
material = ExtResource("2_t51te")
radius = 5.0
height = 10.0

[sub_resource type="SphereMesh" id="SphereMesh_0yh3f"]
flip_faces = true
radius = 5.0
height = 10.0

[sub_resource type="BoxShape3D" id="BoxShape3D_t51te"]
size = Vector3(0.5, 1, 2)

[sub_resource type="Curve" id="Curve_2sr43"]
_data = [Vector2(0, 0), 0.0, 0.0, 0, 0, Vector2(0.25, 1), 0.0, 0.0, 0, 0, Vector2(0.3151751, 0.33934432), 0.0, 0.0, 0, 0, Vector2(0.4085603, 1), -2.5963382e-07, -2.5963382e-07, 0, 0, Vector2(0.50583655, 0.32868856), 0.0, 0.0, 0, 0, Vector2(0.56809336, 0.99999994), 0.0, 0.0, 0, 0, Vector2(0.6614786, 0.33934432), 0.0, 0.0, 0, 0, Vector2(0.75, 1), 0.0, 0.0, 0, 0, Vector2(1, 0), 0.0, 0.0, 0, 0]
point_count = 9

[sub_resource type="CurveTexture" id="CurveTexture_tsdpc"]
curve = SubResource("Curve_2sr43")

[sub_resource type="Curve" id="Curve_mb2vt"]
_data = [Vector2(0.24124512, 0), 0.0, 0.0, 0, 0, Vector2(0.50583655, 0.3713115), 0.0, 0.0, 0, 0, Vector2(0.78988326, 0), 0.0, 0.0, 0, 0]
point_count = 3

[sub_resource type="CurveTexture" id="CurveTexture_gmqye"]
curve = SubResource("Curve_mb2vt")

[sub_resource type="Curve" id="Curve_kvoka"]
_limits = [-1.0, 1.0, 0.0, 1.0]
_data = [Vector2(0, 1), 0.0, 0.0, 0, 0, Vector2(1, -1), -9.08829, 0.0, 0, 0]
point_count = 2

[sub_resource type="CurveTexture" id="CurveTexture_stceh"]
curve = SubResource("Curve_kvoka")

[sub_resource type="Curve" id="Curve_ti60w"]
_limits = [-1.0, 1.0, 0.0, 1.0]
_data = [Vector2(0, 1), 0.0, 0.0, 0, 0, Vector2(0.99221784, -1), -3.6258337, 0.0, 0, 0]
point_count = 2

[sub_resource type="CurveTexture" id="CurveTexture_jgpy0"]
curve = SubResource("Curve_ti60w")

[sub_resource type="ParticleProcessMaterial" id="ParticleProcessMaterial_1cbwq"]
particle_flag_damping_as_friction = true
emission_shape = 2
emission_sphere_radius = 6.0
direction = Vector3(0, 0, 0)
spread = 180.0
orbit_velocity_min = 0.010000096
orbit_velocity_max = 0.1000001
orbit_velocity_curve = SubResource("CurveTexture_gmqye")
radial_velocity_min = 0.09997764
radial_velocity_max = 0.39997762
radial_velocity_curve = SubResource("CurveTexture_stceh")
gravity = Vector3(0, 0, 0)
radial_accel_min = -1.0000023
radial_accel_max = 0.09999776
tangential_accel_min = 0.24999776
tangential_accel_max = 0.74999774
tangential_accel_curve = SubResource("CurveTexture_jgpy0")
damping_min = 100.00001
damping_max = 100.00001
scale_min = 0.099999994
alpha_curve = SubResource("CurveTexture_tsdpc")
turbulence_enabled = true
collision_mode = 1
collision_friction = 0.0
collision_bounce = 0.0
collision_use_scale = true
sub_emitter_mode = 1
sub_emitter_frequency = 2.0

[sub_resource type="StandardMaterial3D" id="StandardMaterial3D_txvin"]
transparency = 1
cull_mode = 2
shading_mode = 0
vertex_color_use_as_albedo = true
albedo_texture = ExtResource("6_oaqhs")
texture_filter = 0
disable_receive_shadows = true
billboard_mode = 3
billboard_keep_scale = true
particles_anim_h_frames = 1
particles_anim_v_frames = 1
particles_anim_loop = false

[sub_resource type="QuadMesh" id="QuadMesh_chpro"]
material = SubResource("StandardMaterial3D_txvin")
size = Vector2(0.5, 0.5)

[sub_resource type="Curve" id="Curve_q33d8"]
_data = [Vector2(0.5097276, 1), 0.0, 0.0, 0, 0, Vector2(1, 0), -4.9689975, 0.0, 0, 0]
point_count = 2

[sub_resource type="CurveTexture" id="CurveTexture_ed0t7"]
curve = SubResource("Curve_q33d8")

[sub_resource type="Gradient" id="Gradient_ssi1d"]
colors = PackedColorArray(1, 1, 1, 1, 0.39688927, 0.39688927, 0.39688924, 1)

[sub_resource type="GradientTexture1D" id="GradientTexture1D_ivao1"]
gradient = SubResource("Gradient_ssi1d")

[sub_resource type="ParticleProcessMaterial" id="ParticleProcessMaterial_cbr4m"]
gravity = Vector3(0, 0, 0)
color_ramp = SubResource("GradientTexture1D_ivao1")
alpha_curve = SubResource("CurveTexture_ed0t7")

[sub_resource type="StandardMaterial3D" id="StandardMaterial3D_7oq2g"]
transparency = 1
cull_mode = 2
shading_mode = 0
vertex_color_use_as_albedo = true
albedo_texture = ExtResource("6_oaqhs")
billboard_mode = 3
particles_anim_h_frames = 1
particles_anim_v_frames = 1
particles_anim_loop = false

[sub_resource type="QuadMesh" id="QuadMesh_r0sdj"]
material = SubResource("StandardMaterial3D_7oq2g")
size = Vector2(0.1, 0.1)

[node name="02_Horse_Planet" type="Node3D" unique_id=731662202 node_paths=PackedStringArray("InteractionArea", "Obj_2", "Obj_3", "Obj_4", "Obj_5")]
script = ExtResource("1_0yh3f")
InteractionArea = NodePath("InteractionArea")
Obj_2 = NodePath("Door")
Obj_3 = NodePath("Door2")
Obj_4 = NodePath("Door3")
Obj_5 = NodePath("Door4")

[node name="WorldEnvironment" type="WorldEnvironment" parent="." unique_id=113572733]
environment = SubResource("Environment_rtanu")

[node name="DirectionalLight3D" type="DirectionalLight3D" parent="." unique_id=5369616]
transform = Transform3D(-0.8660254, -0.43301278, 0.25, 0, 0.49999997, 0.86602545, -0.50000006, 0.75, -0.43301266, 0, 0, 0)
shadow_enabled = true

[node name="PlanetSphere" type="MeshInstance3D" parent="." unique_id=1429395574]
mesh = SubResource("SphereMesh_js2l7")

[node name="SkySphere" type="MeshInstance3D" parent="." unique_id=372337409]
transform = Transform3D(20, 0, 0, 0, 20, 0, 0, 0, 20, 0, 0, 0)
mesh = SubResource("SphereMesh_0yh3f")
surface_material_override/0 = ExtResource("2_ga5oq")

[node name="InteractionArea" parent="." unique_id=1441746603 instance=ExtResource("4_t51te")]

[node name="horse" parent="InteractionArea/Area3D" parent_id_path=PackedInt32Array(1441746603, 1533181775) index="6" unique_id=1429058884]
visible = true

[node name="StaticBody3D" type="StaticBody3D" parent="InteractionArea/Area3D/horse" index="1" unique_id=1366252616]
transform = Transform3D(3.333333, 0, 0, 0, 3.333333, 0, 0, 0, 3.333333, 0, -16.239998, 0)
collision_layer = 2

[node name="CollisionShape3D" type="CollisionShape3D" parent="InteractionArea/Area3D/horse/StaticBody3D" unique_id=904572050]
transform = Transform3D(1, 0, 0, 0, 1, 0, 0, 0, 1, 0, 5.455943, 0)
shape = SubResource("BoxShape3D_t51te")

[node name="Player_Cutscene_Locator" parent="InteractionArea/Area3D" parent_id_path=PackedInt32Array(1441746603, 1533181775) index="22" unique_id=1659489742]
transform = Transform3D(-0.72034925, 0.20743595, 0.6618664, -0.0002820197, 0.9541447, -0.29934597, -0.6936112, -0.21582042, -0.6872591, -0.015068884, -1.2292776, -1.4966549)

[node name="frame_both" parent="InteractionArea/Area3D" parent_id_path=PackedInt32Array(1441746603, 1533181775) index="23" unique_id=1500776819]
transform = Transform3D(-0.25298858, 0.18890586, -0.94884735, 0.12948665, 0.97853947, 0.16029261, 0.9587648, -0.08231086, -0.27202013, -3.3762054, 0.16242886, -1.8949126)
fov = 60.0

[node name="player_give" parent="InteractionArea/Area3D" parent_id_path=PackedInt32Array(1441746603, 1533181775) index="24" unique_id=1211501517]
transform = Transform3D(-0.6699895, 0.17523383, -0.7213925, 0.11480328, 0.98450875, 0.13252458, 0.73344, 0.005971857, -0.679728, -1.9769303, 0.018666267, -2.9505475)

[node name="player_receive" parent="InteractionArea/Area3D" parent_id_path=PackedInt32Array(1441746603, 1533181775) index="25" unique_id=275622376]
transform = Transform3D(0.23201999, 0.5960643, -0.7686833, 0.13104281, 0.7638902, 0.6319016, 0.9638436, -0.24734426, 0.099127844, -3.839067, 3.0353765, -0.3151907)

[node name="Door" parent="." unique_id=683049571 instance=ExtResource("5_t51te")]
transform = Transform3D(1, 0, 0, 0, 0.21817726, 0.9759092, 0, -0.9759092, 0.21817726, 0, 0, 0)

[node name="DoorBaseModel" parent="Door" index="0" unique_id=1012687003]
destination_planet_ID = 2

[node name="Door2" parent="." unique_id=1999661539 instance=ExtResource("5_t51te")]
transform = Transform3D(1, 0, 0, 0, 0.21817726, 0.9759092, 0, -0.9759092, 0.21817726, 0, 0, 0)

[node name="DoorBaseModel" parent="Door2" index="0" unique_id=1012687003]
destination_planet_ID = 3

[node name="Door3" parent="." unique_id=8055265 instance=ExtResource("5_t51te")]
transform = Transform3D(1, 0, 0, 0, 0.21817726, 0.9759092, 0, -0.9759092, 0.21817726, 0, 0, 0)

[node name="DoorBaseModel" parent="Door3" index="0" unique_id=1012687003]
destination_planet_ID = 4

[node name="Door4" parent="." unique_id=1294301402 instance=ExtResource("5_t51te")]
transform = Transform3D(1, 0, 0, 0, 0.21817726, 0.9759092, 0, -0.9759092, 0.21817726, 0, 0, 0)

[node name="PlanetVFX" type="Node3D" parent="." unique_id=1641182164]

[node name="BugsParticle" type="GPUParticles3D" parent="PlanetVFX" unique_id=1430659544]
layers = 2
amount = 25
sub_emitter = NodePath("../Trail Particle")
lifetime = 20.0
preprocess = 20.0
use_fixed_seed = true
seed = 172547266
collision_base_size = 0.2
visibility_aabb = AABB(-10, -10, -10, 20, 20, 20)
process_material = SubResource("ParticleProcessMaterial_1cbwq")
draw_pass_1 = SubResource("QuadMesh_chpro")

[node name="GPUParticlesCollisionSphere3D" type="GPUParticlesCollisionSphere3D" parent="PlanetVFX" unique_id=491853596]
layers = 2
cull_mask = 4293918722
radius = 5.02

[node name="Trail Particle" type="GPUParticles3D" parent="PlanetVFX" unique_id=641785827]
amount = 2000
lifetime = 4.0
process_material = SubResource("ParticleProcessMaterial_cbr4m")
draw_pass_1 = SubResource("QuadMesh_r0sdj")

[editable path="InteractionArea"]
[editable path="Door"]
[editable path="Door/DoorBaseModel"]
[editable path="Door/DoorBaseModel/DoorAnims"]
[editable path="Door/DoorBaseModel/DoorVFX"]
[editable path="Door2"]
[editable path="Door2/DoorBaseModel"]
[editable path="Door2/DoorBaseModel/DoorAnims"]
[editable path="Door2/DoorBaseModel/DoorVFX"]
[editable path="Door3"]
[editable path="Door3/DoorBaseModel"]
[editable path="Door3/DoorBaseModel/DoorAnims"]
[editable path="Door3/DoorBaseModel/DoorVFX"]
[editable path="Door4"]
[editable path="Door4/DoorBaseModel"]
[editable path="Door4/DoorBaseModel/DoorAnims"]
[editable path="Door4/DoorBaseModel/DoorVFX"]
