[gd_scene format=3 uid="uid://s7m2arymas4v"]

[ext_resource type="Script" uid="uid://j00k3fiecr05" path="res://object_spawn.gd" id="1_37638"]
[ext_resource type="PackedScene" uid="uid://dkew5vyxchdx1" path="res://planets/models/cubed_skybox.tscn" id="1_eoa84"]
[ext_resource type="Material" uid="uid://bnb0pjdjojyn2" path="res://planets/materials/03_astronaut_skybox.tres" id="2_76dvl"]
[ext_resource type="Material" uid="uid://blm5dlgilm0td" path="res://planets/materials/03_astro_toon_shader.tres" id="5_37638"]
[ext_resource type="PackedScene" uid="uid://dd1q0dg8wn1nx" path="res://Scenes/DialogueManager/InteractionAreaTemplate.tscn" id="6_73e37"]
[ext_resource type="Texture2D" uid="uid://ck7uixgps25pj" path="res://UI assets/smallSprites/StarSpritesheet.png" id="7_37638"]
[ext_resource type="PackedScene" uid="uid://cea4qqppfgm2" path="res://Character Scenes/Door_Boiler.tscn" id="7_ws3m3"]

[sub_resource type="ProceduralSkyMaterial" id="ProceduralSkyMaterial_id08o"]
sky_top_color = Color(0.7019608, 0.7019608, 0.72156864, 1)
sky_horizon_color = Color(0.7019608, 0.7019608, 0.72156864, 1)
ground_bottom_color = Color(0.7019608, 0.7019608, 0.72156864, 1)
ground_horizon_color = Color(0.7019608, 0.7019608, 0.72156864, 1)
ground_energy_multiplier = 0.5

[sub_resource type="Sky" id="Sky_4pae5"]
sky_material = SubResource("ProceduralSkyMaterial_id08o")

[sub_resource type="Environment" id="Environment_rtanu"]
background_mode = 2
sky = SubResource("Sky_4pae5")
tonemap_mode = 2
glow_enabled = true

[sub_resource type="SphereMesh" id="SphereMesh_biw4r"]
radius = 5.0
height = 10.0

[sub_resource type="CylinderShape3D" id="CylinderShape3D_37638"]
radius = 0.3

[sub_resource type="Curve" id="Curve_37638"]
_data = [Vector2(0, 0), 0.0, 0.0, 0, 0, Vector2(0.24733473, 1), 0.0, 0.0, 0, 0, Vector2(0.7526652, 1), 0.0, 0.0, 0, 0, Vector2(1, 0), 0.0, 0.0, 0, 0]
point_count = 4

[sub_resource type="CurveTexture" id="CurveTexture_73e37"]
curve = SubResource("Curve_37638")

[sub_resource type="Curve" id="Curve_ws3m3"]
_data = [Vector2(0, 0), 0.0, 0.0, 0, 0, Vector2(0.50533044, 1), 0.0, 0.0, 0, 0, Vector2(1, 0), 0.0, 0.0, 0, 0]
point_count = 3

[sub_resource type="CurveTexture" id="CurveTexture_kkfy6"]
curve = SubResource("Curve_ws3m3")

[sub_resource type="ParticleProcessMaterial" id="ParticleProcessMaterial_73e37"]
lifetime_randomness = 0.5
emission_shape = 2
emission_sphere_radius = 90.0
angle_min = 1.0728835e-05
angle_max = 360.00003
angular_velocity_min = -30.000015
angular_velocity_max = 29.999983
gravity = Vector3(0, 0, 0)
scale_min = 0.5
scale_max = 3.0
alpha_curve = SubResource("CurveTexture_73e37")
emission_curve = SubResource("CurveTexture_kkfy6")
anim_offset_max = 1.0

[sub_resource type="StandardMaterial3D" id="StandardMaterial3D_ws3m3"]
transparency = 1
vertex_color_use_as_albedo = true
albedo_texture = ExtResource("7_37638")
albedo_texture_force_srgb = true
emission_enabled = true
emission = Color(0.50928617, 0.50928617, 0.50928617, 1)
emission_energy_multiplier = 1.26
texture_filter = 0
billboard_mode = 3
billboard_keep_scale = true
particles_anim_h_frames = 5
particles_anim_v_frames = 1
particles_anim_loop = false

[sub_resource type="QuadMesh" id="QuadMesh_kkfy6"]
material = SubResource("StandardMaterial3D_ws3m3")
size = Vector2(2, 2)

[node name="03_Astronaut_Planet" type="Node3D" unique_id=731662202 node_paths=PackedStringArray("InteractionArea", "Obj_2", "Obj_3", "Obj_4")]
script = ExtResource("1_37638")
InteractionArea = NodePath("InteractionArea")
Obj_2 = NodePath("Door")
Obj_3 = NodePath("Door3")
Obj_4 = NodePath("Door2")

[node name="WorldEnvironment" type="WorldEnvironment" parent="." unique_id=113572733]
environment = SubResource("Environment_rtanu")

[node name="DirectionalLight3D" type="DirectionalLight3D" parent="." unique_id=5369616]
transform = Transform3D(-0.8660254, -0.43301278, 0.25, 0, 0.49999997, 0.86602545, -0.50000006, 0.75, -0.43301266, 0, 0, 0)
shadow_enabled = true

[node name="CubedSkybox" parent="." unique_id=780089516 instance=ExtResource("1_eoa84")]

[node name="Cubed_Skybox" parent="CubedSkybox" index="0" unique_id=880234612]
material_override = ExtResource("2_76dvl")

[node name="PlanetSphere" type="MeshInstance3D" parent="." unique_id=521891855]
material_override = ExtResource("5_37638")
mesh = SubResource("SphereMesh_biw4r")

[node name="InteractionArea" parent="." unique_id=1441746603 instance=ExtResource("6_73e37")]

[node name="astronaut" parent="InteractionArea/Area3D" parent_id_path=PackedInt32Array(1441746603, 1533181775) index="1" unique_id=297081268]
visible = true

[node name="frame_both" parent="InteractionArea/Area3D" parent_id_path=PackedInt32Array(1441746603, 1533181775) index="23" unique_id=1500776819]
transform = Transform3D(-0.14925417, 0.20377417, -0.96757394, 0.14763223, 0.9721589, 0.1819666, 0.9777157, -0.115685806, -0.17518242, -2.9961586, -0.0137581825, -1.3981979)
fov = 60.0

[node name="player_give" parent="InteractionArea/Area3D" parent_id_path=PackedInt32Array(1441746603, 1533181775) index="24" unique_id=1211501517]
transform = Transform3D(-0.7586789, 0.07297017, -0.6473652, 0.039324373, 0.9970247, 0.06629718, 0.65027684, 0.024841037, -0.7592911, -2.184927, -0.13002491, -3.5088203)
fov = 40.0

[node name="player_receive" parent="InteractionArea/Area3D" parent_id_path=PackedInt32Array(1441746603, 1533181775) index="25" unique_id=275622376]
transform = Transform3D(0.84139025, 0.17712164, -0.5105785, 0.03970068, 0.9219564, 0.38525352, 0.5389679, -0.34441882, 0.76869327, -2.2531207, 1.3947167, 2.6666286)

[node name="StaticBody3D" type="StaticBody3D" parent="InteractionArea" unique_id=1500770957]
collision_layer = 2

[node name="CollisionShape3D" type="CollisionShape3D" parent="InteractionArea/StaticBody3D" unique_id=2126550547]
transform = Transform3D(1, 0, 0, 0, 1, 0, 0, 0, 1, 0, 5.9486732, -0.15077507)
shape = SubResource("CylinderShape3D_37638")

[node name="Door" parent="." unique_id=683049571 instance=ExtResource("7_ws3m3")]
transform = Transform3D(1, 0, 0, 0, -0.3554332, 0.9347017, 0, -0.9347017, -0.3554332, 0, 0, 0)

[node name="DoorBaseModel" parent="Door" index="0" unique_id=1012687003]
destination_planet_ID = 5

[node name="Door3" parent="." unique_id=230389982 instance=ExtResource("7_ws3m3")]
transform = Transform3D(1, 0, 0, 0, -0.3554332, 0.9347017, 0, -0.9347017, -0.3554332, 0, 0, 0)

[node name="DoorBaseModel" parent="Door3" index="0" unique_id=1012687003]
destination_planet_ID = 6

[node name="Door2" parent="." unique_id=1797760818 instance=ExtResource("7_ws3m3")]
transform = Transform3D(1, 0, 0, 0, -0.3554332, 0.9347017, 0, -0.9347017, -0.3554332, 0, 0, 0)

[node name="DoorBaseModel" parent="Door2" index="0" unique_id=1012687003]
destination_planet_ID = 1

[node name="GPUParticles3D" type="GPUParticles3D" parent="." unique_id=1993366863]
amount = 600
lifetime = 15.0
preprocess = 10.0
use_fixed_seed = true
seed = 661516867
fixed_fps = 8
visibility_aabb = AABB(-10, -10, -10, 20, 20, 20)
process_material = SubResource("ParticleProcessMaterial_73e37")
draw_pass_1 = SubResource("QuadMesh_kkfy6")

[editable path="CubedSkybox"]
[editable path="InteractionArea"]
[editable path="Door"]
[editable path="Door/DoorBaseModel"]
[editable path="Door/DoorBaseModel/DoorAnims"]
[editable path="Door/DoorBaseModel/DoorVFX"]
[editable path="Door3"]
[editable path="Door3/DoorBaseModel"]
[editable path="Door3/DoorBaseModel/DoorAnims"]
[editable path="Door3/DoorBaseModel/DoorVFX"]
[editable path="Door2"]
[editable path="Door2/DoorBaseModel"]
[editable path="Door2/DoorBaseModel/DoorAnims"]
[editable path="Door2/DoorBaseModel/DoorVFX"]
