[gd_scene format=3 uid="uid://bewdoqy3eue0r"]

[ext_resource type="Script" uid="uid://j00k3fiecr05" path="res://object_spawn.gd" id="1_6e6r8"]
[ext_resource type="PackedScene" uid="uid://dkew5vyxchdx1" path="res://planets/models/cubed_skybox.tscn" id="1_x2kwg"]
[ext_resource type="Material" uid="uid://c4dc8tgvesidv" path="res://planets/materials/04_snowman_skybox.tres" id="2_x2kwg"]
[ext_resource type="Material" uid="uid://dj7s7820eoffe" path="res://planets/materials/04_snowman_toon_shader.tres" id="5_6e6r8"]
[ext_resource type="PackedScene" uid="uid://cea4qqppfgm2" path="res://Character Scenes/Door_Boiler.tscn" id="6_grmqm"]
[ext_resource type="Script" uid="uid://s65m864cjpod" path="res://planets/Scenes/snowman_completion.gd" id="7_6e6r8"]
[ext_resource type="PackedScene" uid="uid://dd1q0dg8wn1nx" path="res://Scenes/DialogueManager/InteractionAreaTemplate.tscn" id="7_gwu52"]

[sub_resource type="ProceduralSkyMaterial" id="ProceduralSkyMaterial_id08o"]
sky_top_color = Color(0.7019608, 0.7019608, 0.72156864, 1)
sky_horizon_color = Color(0.7019608, 0.7019608, 0.72156864, 1)
ground_bottom_color = Color(0.7019608, 0.7019608, 0.72156864, 1)
ground_horizon_color = Color(0.7019608, 0.7019608, 0.72156864, 1)
ground_energy_multiplier = 0.5

[sub_resource type="Sky" id="Sky_4pae5"]
sky_material = SubResource("ProceduralSkyMaterial_id08o")

[sub_resource type="Environment" id="Environment_rtanu"]
background_mode = 2
sky = SubResource("Sky_4pae5")
tonemap_mode = 2
glow_enabled = true

[sub_resource type="SphereMesh" id="SphereMesh_xx24n"]
radius = 5.0
height = 10.0

[sub_resource type="CylinderShape3D" id="CylinderShape3D_6e6r8"]
height = 1.0
radius = 0.3

[node name="04_Snowman_Planet" type="Node3D" unique_id=731662202 node_paths=PackedStringArray("InteractionArea", "Obj_2", "Obj_3", "Obj_4")]
script = ExtResource("1_6e6r8")
InteractionArea = NodePath("InteractionArea")
Obj_2 = NodePath("Door")
Obj_3 = NodePath("Door2")
Obj_4 = NodePath("Door3")

[node name="WorldEnvironment" type="WorldEnvironment" parent="." unique_id=113572733]
environment = SubResource("Environment_rtanu")

[node name="DirectionalLight3D" type="DirectionalLight3D" parent="." unique_id=5369616]
transform = Transform3D(-0.8660254, -0.43301278, 0.25, 0, 0.49999997, 0.86602545, -0.50000006, 0.75, -0.43301266, 0, 0, 0)
shadow_enabled = true

[node name="CubedSkybox" parent="." unique_id=780089516 instance=ExtResource("1_x2kwg")]

[node name="Cubed_Skybox" parent="CubedSkybox" index="0" unique_id=880234612]
material_override = ExtResource("2_x2kwg")

[node name="PlanetSphere" type="MeshInstance3D" parent="." unique_id=145002734]
material_override = ExtResource("5_6e6r8")
mesh = SubResource("SphereMesh_xx24n")

[node name="Door" parent="." unique_id=683049571 instance=ExtResource("6_grmqm")]

[node name="DoorBaseModel" parent="Door" index="0" unique_id=1012687003]
destination_planet_ID = 1

[node name="Door2" parent="." unique_id=643443141 instance=ExtResource("6_grmqm")]

[node name="DoorBaseModel" parent="Door2" index="0" unique_id=1012687003]
destination_planet_ID = 7

[node name="Door3" parent="." unique_id=1130690448 instance=ExtResource("6_grmqm")]

[node name="DoorBaseModel" parent="Door3" index="0" unique_id=1012687003]
destination_planet_ID = 8

[node name="InteractionArea" parent="." unique_id=1441746603 instance=ExtResource("7_gwu52")]

[node name="snowman_" parent="InteractionArea/Area3D" parent_id_path=PackedInt32Array(1441746603, 1533181775) index="18" unique_id=649836544 groups=["Completion_Change"]]
visible = true
script = ExtResource("7_6e6r8")

[node name="frame_both" parent="InteractionArea/Area3D" parent_id_path=PackedInt32Array(1441746603, 1533181775) index="23" unique_id=1500776819]
transform = Transform3D(-0.28850445, 0.17870113, -0.9406547, 0.13990481, 0.9797525, 0.14321911, 0.94720215, -0.09028276, -0.30766413, -2.5547092, 0.09670973, -1.797645)
fov = 60.0

[node name="player_give" parent="InteractionArea/Area3D" parent_id_path=PackedInt32Array(1441746603, 1533181775) index="24" unique_id=1211501517]
transform = Transform3D(-0.5702944, 0.076875366, -0.8178352, 0.03932438, 0.9970247, 0.06629717, 0.8204986, 0.005648042, -0.5716207, -2.558127, -0.13002491, -2.8899896)
fov = 40.0

[node name="player_receive" parent="InteractionArea/Area3D" parent_id_path=PackedInt32Array(1441746603, 1533181775) index="25" unique_id=275622376]
transform = Transform3D(0.40743005, 0.33711338, -0.84873754, 0.039700672, 0.9219564, 0.38525346, 0.9123731, -0.19065928, 0.36224914, -4.2699156, 1.5729632, 1.0329238)

[node name="StaticBody3D" type="StaticBody3D" parent="InteractionArea" unique_id=116790964]
collision_layer = 2

[node name="CollisionShape3D" type="CollisionShape3D" parent="InteractionArea/StaticBody3D" unique_id=1036887213]
transform = Transform3D(1, 0, 0, 0, 1, 0, 0, 0, 1, 0, 5.4943275, 0)
shape = SubResource("CylinderShape3D_6e6r8")

[editable path="CubedSkybox"]
[editable path="Door"]
[editable path="Door/DoorBaseModel"]
[editable path="Door/DoorBaseModel/DoorAnims"]
[editable path="Door/DoorBaseModel/DoorVFX"]
[editable path="Door2"]
[editable path="Door2/DoorBaseModel"]
[editable path="Door2/DoorBaseModel/DoorAnims"]
[editable path="Door2/DoorBaseModel/DoorVFX"]
[editable path="Door3"]
[editable path="Door3/DoorBaseModel"]
[editable path="Door3/DoorBaseModel/DoorAnims"]
[editable path="Door3/DoorBaseModel/DoorVFX"]
[editable path="InteractionArea"]
