[gd_scene format=3 uid="uid://c6ydjdv6sql74"]

[ext_resource type="Script" uid="uid://j00k3fiecr05" path="res://object_spawn.gd" id="1_8hxeg"]
[ext_resource type="PackedScene" uid="uid://dkew5vyxchdx1" path="res://planets/models/cubed_skybox.tscn" id="1_s4htp"]
[ext_resource type="Material" uid="uid://cvy14i1t726fr" path="res://planets/materials/06_rusty_skybox.tres" id="2_li07w"]
[ext_resource type="PackedScene" uid="uid://bkytuxq3o6ibv" path="res://planets/models/cubed_planet.tscn" id="4_p7die"]
[ext_resource type="Material" uid="uid://ce1kr4rg6d1x" path="res://planets/materials/06_robot_toon_shader.tres" id="6_8hxeg"]
[ext_resource type="PackedScene" uid="uid://cea4qqppfgm2" path="res://Character Scenes/Door_Boiler.tscn" id="7_8bo3w"]
[ext_resource type="PackedScene" uid="uid://dd1q0dg8wn1nx" path="res://Scenes/DialogueManager/InteractionAreaTemplate.tscn" id="8_kw8ol"]

[sub_resource type="ProceduralSkyMaterial" id="ProceduralSkyMaterial_id08o"]
sky_top_color = Color(0.7019608, 0.7019608, 0.72156864, 1)
sky_horizon_color = Color(0.7019608, 0.7019608, 0.72156864, 1)
ground_bottom_color = Color(0.7019608, 0.7019608, 0.72156864, 1)
ground_horizon_color = Color(0.7019608, 0.7019608, 0.72156864, 1)
ground_energy_multiplier = 0.5

[sub_resource type="Sky" id="Sky_4pae5"]
sky_material = SubResource("ProceduralSkyMaterial_id08o")

[sub_resource type="Environment" id="Environment_rtanu"]
background_mode = 2
sky = SubResource("Sky_4pae5")
tonemap_mode = 2
glow_enabled = true

[sub_resource type="BoxShape3D" id="BoxShape3D_8hxeg"]
size = Vector3(1, 2, 0.5)

[node name="06_Rusty_Planet" type="Node3D" unique_id=731662202 node_paths=PackedStringArray("InteractionArea", "Obj_2", "Obj_3", "Obj_4")]
script = ExtResource("1_8hxeg")
InteractionArea = NodePath("InteractionArea")
Obj_2 = NodePath("Door")
Obj_3 = NodePath("Door2")
Obj_4 = NodePath("Door3")

[node name="WorldEnvironment" type="WorldEnvironment" parent="." unique_id=113572733]
environment = SubResource("Environment_rtanu")

[node name="DirectionalLight3D" type="DirectionalLight3D" parent="." unique_id=5369616]
transform = Transform3D(-0.8660254, -0.43301278, 0.25, 0, 0.49999997, 0.86602545, -0.50000006, 0.75, -0.43301266, 0, 0, 0)
shadow_enabled = true

[node name="CubedSkybox" parent="." unique_id=780089516 instance=ExtResource("1_s4htp")]

[node name="Cubed_Skybox" parent="CubedSkybox" index="0" unique_id=172727627]
material_override = ExtResource("2_li07w")

[node name="Cubed_Planet" parent="." unique_id=313376245 instance=ExtResource("4_p7die")]
transform = Transform3D(500, 0, 0, 0, 500, 0, 0, 0, 500, 0, 0, 0)

[node name="Cubed_Planet" parent="Cubed_Planet" index="0" unique_id=1371780892]
material_override = ExtResource("6_8hxeg")

[node name="Door" parent="." unique_id=683049571 instance=ExtResource("7_8bo3w")]
transform = Transform3D(1, 0, 0, 0, -0.14815465, 0.9889642, 0, -0.9889642, -0.14815465, 0, 0, 0)

[node name="DoorBaseModel" parent="Door" index="0" unique_id=1012687003]
destination_planet_ID = 7

[node name="Door2" parent="." unique_id=1251501367 instance=ExtResource("7_8bo3w")]
transform = Transform3D(1, 0, 0, 0, -0.14815465, 0.9889642, 0, -0.9889642, -0.14815465, 0, 0, 0)

[node name="DoorBaseModel" parent="Door2" index="0" unique_id=1012687003]
destination_planet_ID = 17

[node name="Door3" parent="." unique_id=1985523818 instance=ExtResource("7_8bo3w")]
transform = Transform3D(1, 0, 0, 0, -0.14815465, 0.9889642, 0, -0.9889642, -0.14815465, 0, 0, 0)

[node name="DoorBaseModel" parent="Door3" index="0" unique_id=1012687003]
destination_planet_ID = 16

[node name="InteractionArea" parent="." unique_id=1441746603 instance=ExtResource("8_kw8ol")]

[node name="robot" parent="InteractionArea/Area3D" parent_id_path=PackedInt32Array(1441746603, 1533181775) index="16" unique_id=1916101213]
transform = Transform3D(-0.296396, 0, -0.04636134, 0, 0.29999992, 0, 0.04636134, 0, -0.296396, 0, -1.1280003, 0)
visible = true

[node name="StaticBody3D" type="StaticBody3D" parent="InteractionArea/Area3D/robot" index="9" unique_id=7053957]
transform = Transform3D(3.333333, 0, 0, 0, 3.333333, 0, 0, 0, 3.333333, 0, -16.239998, 0)
collision_layer = 2

[node name="CollisionShape3D" type="CollisionShape3D" parent="InteractionArea/Area3D/robot/StaticBody3D" unique_id=862920507]
transform = Transform3D(1, 0, 0, 0, 1, 0, 0, 0, 1, 0, 5.9486732, 0)
shape = SubResource("BoxShape3D_8hxeg")

[node name="Player_Cutscene_Locator" parent="InteractionArea/Area3D" parent_id_path=PackedInt32Array(1441746603, 1533181775) index="22" unique_id=1659489742]
transform = Transform3D(-0.8810524, -0.0027575644, 0.4730102, -0.14401995, 0.9540697, -0.26269668, -0.45056018, -0.29957262, -0.8409824, -0.013787807, -1.1397729, -1.4978626)

[node name="frame_both" parent="InteractionArea/Area3D" parent_id_path=PackedInt32Array(1441746603, 1533181775) index="23" unique_id=1500776819]
transform = Transform3D(-0.044426914, 0.23965459, -0.96984124, 0.14123534, 0.9625558, 0.23138458, 0.9889787, -0.12669615, -0.07661108, -2.9525676, 0.17950535, -1.0356185)
fov = 60.0

[node name="player_give" parent="InteractionArea/Area3D" parent_id_path=PackedInt32Array(1441746603, 1533181775) index="24" unique_id=1211501517]
transform = Transform3D(-0.67880756, 0.07534402, -0.7304407, 0.03932438, 0.9970247, 0.06629719, 0.7332625, 0.016278906, -0.6797508, -2.0431294, -0.3114071, -2.8491342)
fov = 60.0

[editable path="CubedSkybox"]
[editable path="Cubed_Planet"]
[editable path="Door"]
[editable path="Door/DoorBaseModel"]
[editable path="Door/DoorBaseModel/DoorAnims"]
[editable path="Door/DoorBaseModel/DoorVFX"]
[editable path="Door2"]
[editable path="Door2/DoorBaseModel"]
[editable path="Door2/DoorBaseModel/DoorAnims"]
[editable path="Door2/DoorBaseModel/DoorVFX"]
[editable path="Door3"]
[editable path="Door3/DoorBaseModel"]
[editable path="Door3/DoorBaseModel/DoorAnims"]
[editable path="Door3/DoorBaseModel/DoorVFX"]
[editable path="InteractionArea"]
