[gd_scene format=3 uid="uid://5skj82rwpnms"]

[ext_resource type="Script" uid="uid://j00k3fiecr05" path="res://object_spawn.gd" id="1_wwmx7"]
[ext_resource type="Texture2D" uid="uid://bvwryv2va8maw" path="res://planets/textures/Planet Textures/grease puddle.png" id="2_06bkn"]
[ext_resource type="Material" uid="uid://cb2m2isclve0i" path="res://planets/materials/07_grease_skybox.tres" id="2_6h86k"]
[ext_resource type="Material" uid="uid://7dyo7kkm0s0d" path="res://planets/materials/02_horse_skybox.tres" id="3_2nyx6"]
[ext_resource type="Script" uid="uid://ca2niwqsqy74y" path="res://planets/Scenes/material_shift.gd" id="5_06bkn"]
[ext_resource type="PackedScene" uid="uid://dd1q0dg8wn1nx" path="res://Scenes/DialogueManager/InteractionAreaTemplate.tscn" id="5_d0l1o"]
[ext_resource type="PackedScene" uid="uid://cea4qqppfgm2" path="res://Character Scenes/Door_Boiler.tscn" id="6_06bkn"]
[ext_resource type="Script" uid="uid://cn8bveefkfn7u" path="res://Character Scenes/NPCs/grease_completion.gd" id="6_d0l1o"]

[sub_resource type="ProceduralSkyMaterial" id="ProceduralSkyMaterial_id08o"]
sky_top_color = Color(0.7019608, 0.7019608, 0.72156864, 1)
sky_horizon_color = Color(0.7019608, 0.7019608, 0.72156864, 1)
ground_bottom_color = Color(0.7019608, 0.7019608, 0.72156864, 1)
ground_horizon_color = Color(0.7019608, 0.7019608, 0.72156864, 1)
ground_energy_multiplier = 0.5

[sub_resource type="Sky" id="Sky_4pae5"]
sky_material = SubResource("ProceduralSkyMaterial_id08o")

[sub_resource type="Environment" id="Environment_rtanu"]
background_mode = 2
sky = SubResource("Sky_4pae5")
tonemap_mode = 2
glow_enabled = true

[sub_resource type="StandardMaterial3D" id="StandardMaterial3D_q1r7l"]
diffuse_mode = 3
specular_mode = 1
albedo_texture = ExtResource("2_06bkn")
roughness = 0.09
uv1_scale = Vector3(2, 2, 2)
texture_filter = 0

[sub_resource type="SphereMesh" id="SphereMesh_wwmx7"]
radius = 5.0
height = 10.0

[sub_resource type="SphereMesh" id="SphereMesh_d0l1o"]
flip_faces = true
radius = 5.0
height = 10.0

[node name="07_Grease_Planet" type="Node3D" unique_id=731662202 node_paths=PackedStringArray("InteractionArea", "Obj_2")]
script = ExtResource("1_wwmx7")
InteractionArea = NodePath("InteractionArea")
Obj_2 = NodePath("Door")

[node name="WorldEnvironment" type="WorldEnvironment" parent="." unique_id=113572733]
environment = SubResource("Environment_rtanu")

[node name="DirectionalLight3D" type="DirectionalLight3D" parent="." unique_id=5369616]
transform = Transform3D(-0.8660254, -0.43301278, 0.25, 0, 0.49999997, 0.86602545, -0.50000006, 0.75, -0.43301266, 0, 0, 0)
shadow_enabled = true

[node name="PlanetSphere" type="MeshInstance3D" parent="." unique_id=1223939684]
material_override = SubResource("StandardMaterial3D_q1r7l")
mesh = SubResource("SphereMesh_wwmx7")
script = ExtResource("5_06bkn")

[node name="SkySphere" type="MeshInstance3D" parent="." unique_id=1890027866]
transform = Transform3D(20, 0, 0, 0, 20, 0, 0, 0, 20, 0, 0, 0)
material_override = ExtResource("2_6h86k")
mesh = SubResource("SphereMesh_d0l1o")
surface_material_override/0 = ExtResource("3_2nyx6")
script = ExtResource("5_06bkn")

[node name="InteractionArea" parent="." unique_id=1441746603 instance=ExtResource("5_d0l1o")]

[node name="sisyphus" parent="InteractionArea/Area3D" parent_id_path=PackedInt32Array(1441746603, 1533181775) index="17" unique_id=403637881]
visible = false

[node name="grease_puddle" parent="InteractionArea/Area3D" parent_id_path=PackedInt32Array(1441746603, 1533181775) index="20" unique_id=513399140 groups=["Completion_Change"]]
transform = Transform3D(-1, 0, 8.742278e-08, 0, 1, 0, -8.742278e-08, 0, -1, 0, -1.0194478, 0)
visible = true
script = ExtResource("6_d0l1o")

[node name="Player_Cutscene_Locator" parent="InteractionArea/Area3D" parent_id_path=PackedInt32Array(1441746603, 1533181775) index="22" unique_id=1659489742]
transform = Transform3D(-0.99579585, 0.027152143, 0.08748374, -0.00028201946, 0.9541447, -0.299346, -0.09160001, -0.29811224, -0.9501257, -0.015068884, -1.2292776, -1.4966549)

[node name="frame_both" parent="InteractionArea/Area3D" parent_id_path=PackedInt32Array(1441746603, 1533181775) index="23" unique_id=1500776819]
transform = Transform3D(0.14278401, 0.896447, -0.41951823, 0.14623947, 0.400101, 0.9047283, 0.9788906, -0.19053085, -0.07396791, -2.2852595, 2.811922, -1.0182996)
fov = 60.0

[node name="Door" parent="." unique_id=683049571 instance=ExtResource("6_06bkn")]
transform = Transform3D(1, 0, 0, 0, 0.5311324, -0.84728885, 0, 0.84728885, 0.5311324, 0, 0, 0)

[node name="DoorBaseModel" parent="Door" index="0" unique_id=1012687003]
destination_planet_ID = 2

[editable path="InteractionArea"]
[editable path="Door"]
[editable path="Door/DoorBaseModel"]
[editable path="Door/DoorBaseModel/DoorAnims"]
[editable path="Door/DoorBaseModel/DoorVFX"]
