[gd_scene format=3 uid="uid://ripj8i20fwe"]

[ext_resource type="Script" uid="uid://j00k3fiecr05" path="res://object_spawn.gd" id="1_b4dn5"]
[ext_resource type="PackedScene" uid="uid://dkew5vyxchdx1" path="res://planets/models/cubed_skybox.tscn" id="1_u12uo"]
[ext_resource type="Material" uid="uid://c2ywp6nx0g7wm" path="res://planets/materials/08_gibberish_skybox_shader.tres" id="3_cqn2m"]
[ext_resource type="PackedScene" uid="uid://bkytuxq3o6ibv" path="res://planets/models/cubed_planet.tscn" id="4_v25ah"]
[ext_resource type="Material" uid="uid://dxgrumds886el" path="res://planets/materials/08_gibberish_toon_shader.tres" id="6_b4dn5"]
[ext_resource type="PackedScene" uid="uid://dd1q0dg8wn1nx" path="res://Scenes/DialogueManager/InteractionAreaTemplate.tscn" id="7_660us"]
[ext_resource type="PackedScene" uid="uid://cea4qqppfgm2" path="res://Character Scenes/Door_Boiler.tscn" id="8_myhd6"]

[sub_resource type="ProceduralSkyMaterial" id="ProceduralSkyMaterial_cqn2m"]
sky_horizon_color = Color(0.66224277, 0.6717428, 0.6867428, 1)
ground_horizon_color = Color(0.66224277, 0.6717428, 0.6867428, 1)

[sub_resource type="Sky" id="Sky_b4dn5"]
sky_material = SubResource("ProceduralSkyMaterial_cqn2m")

[sub_resource type="Environment" id="Environment_660us"]
background_mode = 2
sky = SubResource("Sky_b4dn5")
ambient_light_color = Color(1, 1, 1, 1)
ambient_light_sky_contribution = 0.0
tonemap_mode = 2
glow_enabled = true

[sub_resource type="CylinderShape3D" id="CylinderShape3D_b4dn5"]

[node name="08_Gibberish_Planet" type="Node3D" unique_id=731662202 node_paths=PackedStringArray("InteractionArea", "Obj_2", "Obj_3")]
script = ExtResource("1_b4dn5")
InteractionArea = NodePath("InteractionArea")
Obj_2 = NodePath("Door")
Obj_3 = NodePath("Door2")

[node name="WorldEnvironment" type="WorldEnvironment" parent="." unique_id=1578431524]
environment = SubResource("Environment_660us")

[node name="CubedSkybox" parent="." unique_id=780089516 instance=ExtResource("1_u12uo")]

[node name="Cubed_Skybox" parent="CubedSkybox" index="0" unique_id=880234612]
material_override = ExtResource("3_cqn2m")

[node name="Cubed_Planet" parent="." unique_id=313376245 instance=ExtResource("4_v25ah")]
transform = Transform3D(500, 0, 0, 0, 500, 0, 0, 0, 500, 0, 0, 0)

[node name="Cubed_Planet" parent="Cubed_Planet" index="0" unique_id=1134823557]
material_override = ExtResource("6_b4dn5")

[node name="InteractionArea" parent="." unique_id=1441746603 instance=ExtResource("7_660us")]

[node name="gibberish" parent="InteractionArea/Area3D" parent_id_path=PackedInt32Array(1441746603, 1533181775) index="21" unique_id=1320364681]
transform = Transform3D(-0.27, 0, 4.0768867e-08, 0, 0.27, 0, -4.0768867e-08, 0, -0.27, 0.28460404, -1.3188357, -0.26716217)
visible = true

[node name="Player_Cutscene_Locator" parent="InteractionArea/Area3D" parent_id_path=PackedInt32Array(1441746603, 1533181775) index="22" unique_id=1659489742]
transform = Transform3D(-0.8988017, 0.13108619, 0.41829643, -1.470324e-08, 0.9542407, -0.29904085, -0.43835548, -0.2687784, -0.85767275, -0.020674821, -1.2292776, -1.4966549)

[node name="frame_both" parent="InteractionArea/Area3D" parent_id_path=PackedInt32Array(1441746603, 1533181775) index="23" unique_id=1500776819]
transform = Transform3D(-0.11009424, 0.014129371, -0.9938207, 0.124057814, 0.99227494, 0.0003644228, 0.9861486, -0.1232511, -0.110996604, -4.318894, -0.6586609, -1.0886794)
fov = 60.0

[node name="player_give" parent="InteractionArea/Area3D" parent_id_path=PackedInt32Array(1441746603, 1533181775) index="24" unique_id=1211501517]
transform = Transform3D(-0.7748491, 0.019417664, -0.63184816, 0.0902957, 0.9926785, -0.08022504, 0.62566423, -0.11921544, -0.7709294, -1.5246286, -0.50864935, -2.5294445)

[node name="player_receive" parent="InteractionArea/Area3D" parent_id_path=PackedInt32Array(1441746603, 1533181775) index="25" unique_id=275622376]
transform = Transform3D(0.20602731, 0.40660802, -0.89006895, 0.064432904, 0.90197206, 0.42696017, 0.97642267, -0.14531519, 0.15963192, -2.5860834, 0.9259515, -0.018462883)
fov = 70.0

[node name="StaticBody3D" type="StaticBody3D" parent="InteractionArea" unique_id=1489584397]
collision_layer = 2

[node name="CollisionShape3D" type="CollisionShape3D" parent="InteractionArea/StaticBody3D" unique_id=852382057]
transform = Transform3D(1, 0, 0, 0, 1, 0, 0, 0, 1, 0, 5.9486732, 0)
shape = SubResource("CylinderShape3D_b4dn5")

[node name="DirectionalLight3D" type="DirectionalLight3D" parent="InteractionArea" unique_id=5369616]
transform = Transform3D(1, 0, 0, 0, -4.371139e-08, 1, 0, -1, -4.371139e-08, 0, 0, 0)
light_angular_distance = 42.41
shadow_enabled = true
shadow_bias = 10.0
shadow_normal_bias = 5.793

[node name="Door" parent="." unique_id=683049571 instance=ExtResource("8_myhd6")]
transform = Transform3D(0.0910845, 0.9958432, 0, -0.9958432, 0.0910845, 0, 0, 0, 1, 0, 0, 0)

[node name="DoorBaseModel" parent="Door" index="0" unique_id=1012687003]
destination_planet_ID = 18

[node name="Door2" parent="." unique_id=790013676 instance=ExtResource("8_myhd6")]
transform = Transform3D(0.0910845, 0.9958432, 0, -0.9958432, 0.0910845, 0, 0, 0, 1, 0, 0, 0)

[node name="DoorBaseModel" parent="Door2" index="0" unique_id=1012687003]
destination_planet_ID = 14

[editable path="CubedSkybox"]
[editable path="Cubed_Planet"]
[editable path="InteractionArea"]
[editable path="Door"]
[editable path="Door/DoorBaseModel"]
[editable path="Door/DoorBaseModel/DoorAnims"]
[editable path="Door/DoorBaseModel/DoorVFX"]
[editable path="Door2"]
[editable path="Door2/DoorBaseModel"]
[editable path="Door2/DoorBaseModel/DoorAnims"]
[editable path="Door2/DoorBaseModel/DoorVFX"]
