[gd_scene format=3 uid="uid://b5xiglx8gxhhd"]

[ext_resource type="PackedScene" uid="uid://dkew5vyxchdx1" path="res://planets/models/cubed_skybox.tscn" id="1_hb5q0"]
[ext_resource type="Script" uid="uid://j00k3fiecr05" path="res://object_spawn.gd" id="1_txy1j"]
[ext_resource type="Material" uid="uid://chrf665sj6kbi" path="res://planets/materials/10_Deer_skybox.tres" id="2_swx71"]
[ext_resource type="PackedScene" uid="uid://bkytuxq3o6ibv" path="res://planets/models/cubed_planet.tscn" id="4_m2m7x"]
[ext_resource type="Material" uid="uid://ko5cwwv6vhts" path="res://planets/materials/10_deer_toon_shader.tres" id="7_36we4"]
[ext_resource type="PackedScene" uid="uid://dd1q0dg8wn1nx" path="res://Scenes/DialogueManager/InteractionAreaTemplate.tscn" id="8_36we4"]
[ext_resource type="PackedScene" uid="uid://cea4qqppfgm2" path="res://Character Scenes/Door_Boiler.tscn" id="9_5tpbv"]
[ext_resource type="Script" uid="uid://ckvcl8m1n4tpl" path="res://Character Scenes/NPCs/deer_completion.gd" id="9_36we4"]
[ext_resource type="Script" uid="uid://dt064pgj60x8f" path="res://planets/Scenes/deer_eye.gd" id="9_thosl"]
[ext_resource type="Texture2D" uid="uid://m7ghw8jcuuf6" path="res://Character Export Files/o-eye'd deer/SCLERA_f_3.png" id="10_enk6n"]
[ext_resource type="Texture2D" uid="uid://bic62mmdwf2sr" path="res://Character Export Files/o-eye'd deer/SCLERA_f_2.png" id="11_ye8co"]
[ext_resource type="Texture2D" uid="uid://cyt4038tqgwq7" path="res://Character Export Files/o-eye'd deer/SCLERA_f_1.png" id="12_dxixy"]
[ext_resource type="Texture2D" uid="uid://lvp0pxpgwti7" path="res://Character Export Files/o-eye'd deer/SCLERA_f_4.png" id="13_2k5u0"]
[ext_resource type="Texture2D" uid="uid://bupvxf7vuf1q4" path="res://Character Export Files/o-eye'd deer/PUPIL.png" id="14_hguxs"]

[sub_resource type="ProceduralSkyMaterial" id="ProceduralSkyMaterial_id08o"]
sky_top_color = Color(0.7019608, 0.7019608, 0.72156864, 1)
sky_horizon_color = Color(0.7019608, 0.7019608, 0.72156864, 1)
ground_bottom_color = Color(0.7019608, 0.7019608, 0.72156864, 1)
ground_horizon_color = Color(0.7019608, 0.7019608, 0.72156864, 1)
ground_energy_multiplier = 0.5

[sub_resource type="Sky" id="Sky_4pae5"]
sky_material = SubResource("ProceduralSkyMaterial_id08o")

[sub_resource type="Environment" id="Environment_rtanu"]
background_mode = 2
sky = SubResource("Sky_4pae5")
tonemap_mode = 2
glow_enabled = true

[sub_resource type="BoxShape3D" id="BoxShape3D_txy1j"]
size = Vector3(0.5, 2, 1.5)

[sub_resource type="SpriteFrames" id="SpriteFrames_xprqk"]
animations = [{
"frames": [{
"duration": 1.0,
"texture": ExtResource("10_enk6n")
}, {
"duration": 1.0,
"texture": ExtResource("11_ye8co")
}, {
"duration": 100.0,
"texture": ExtResource("12_dxixy")
}, {
"duration": 1.0,
"texture": ExtResource("11_ye8co")
}, {
"duration": 1.0,
"texture": ExtResource("10_enk6n")
}, {
"duration": 2.0,
"texture": ExtResource("13_2k5u0")
}],
"loop": true,
"name": &"default",
"speed": 20.0
}]

[node name="10_Deer_Planet" type="Node3D" unique_id=731662202 node_paths=PackedStringArray("InteractionArea", "Obj_2", "Obj_3", "Obj_4")]
script = ExtResource("1_txy1j")
InteractionArea = NodePath("InteractionArea")
Obj_2 = NodePath("Door")
Obj_3 = NodePath("Door2")
Obj_4 = NodePath("Door3")

[node name="WorldEnvironment" type="WorldEnvironment" parent="." unique_id=113572733]
environment = SubResource("Environment_rtanu")

[node name="DirectionalLight3D" type="DirectionalLight3D" parent="." unique_id=5369616]
transform = Transform3D(-0.8660254, -0.43301278, 0.25, 0, 0.49999997, 0.86602545, -0.50000006, 0.75, -0.43301266, 0, 0, 0)
shadow_enabled = true

[node name="CubedSkybox" parent="." unique_id=780089516 instance=ExtResource("1_hb5q0")]

[node name="Cubed_Skybox" parent="CubedSkybox" index="0" unique_id=880234612]
material_override = ExtResource("2_swx71")

[node name="Cubed_Planet" parent="." unique_id=313376245 instance=ExtResource("4_m2m7x")]
transform = Transform3D(500, 0, 0, 0, 500, 0, 0, 0, 500, 0, 0, 0)

[node name="Cubed_Planet" parent="Cubed_Planet" index="0" unique_id=1134823557]
material_override = ExtResource("7_36we4")

[node name="InteractionArea" parent="." unique_id=1441746603 instance=ExtResource("8_36we4")]

[node name="o-eye\'d deer" parent="InteractionArea/Area3D" parent_id_path=PackedInt32Array(1441746603, 1533181775) index="14" unique_id=728603670 groups=["Completion_Change"]]
transform = Transform3D(0.3, 0, 0, 0, 0.3, 0, 0, 0, 0.3, 0, -1.230259, 0)
visible = true
script = ExtResource("9_36we4")

[node name="Cylinder" parent="InteractionArea/Area3D/o-eye\'d deer" index="3" unique_id=450652402]
visible = false

[node name="Cylinder_001" parent="InteractionArea/Area3D/o-eye\'d deer" index="4" unique_id=1043451508]
visible = false

[node name="StaticBody3D" type="StaticBody3D" parent="InteractionArea/Area3D/o-eye\'d deer" index="5" unique_id=1046663889]
transform = Transform3D(-3.333333, 0, 2.9140924e-07, 0, 3.333333, 0, -2.9140924e-07, 0, -3.333333, 0, -15.899136, 0)
collision_layer = 2

[node name="CollisionShape3D" type="CollisionShape3D" parent="InteractionArea/Area3D/o-eye\'d deer/StaticBody3D" unique_id=2081589961]
transform = Transform3D(1, 0, 0, 0, 1, 0, 0, 0, 1, 0, 5.9486732, 0.062656224)
shape = SubResource("BoxShape3D_txy1j")

[node name="frame_both" parent="InteractionArea/Area3D" parent_id_path=PackedInt32Array(1441746603, 1533181775) index="23" unique_id=1500776819]
transform = Transform3D(-0.16858451, 0.158053, -0.972933, 0.14537986, 0.98025256, 0.13405141, 0.97490716, -0.11884588, -0.1882331, -2.6741333, -0.19014883, -1.2581816)

[node name="player_give" parent="InteractionArea/Area3D" parent_id_path=PackedInt32Array(1441746603, 1533181775) index="24" unique_id=1211501517]
transform = Transform3D(-0.68380904, 0.04722381, -0.7281313, -0.00982336, 0.99721724, 0.073901094, 0.72959495, 0.057686925, -0.6814422, -2.9681258, -0.14034367, -3.5586302)
fov = 40.0

[node name="player_receive" parent="InteractionArea/Area3D" parent_id_path=PackedInt32Array(1441746603, 1533181775) index="25" unique_id=275622376]
transform = Transform3D(0.7531303, 0.20285974, -0.6258136, 0.056079894, 0.92801124, 0.3683071, 0.6554767, -0.3124788, 0.6875371, -2.207398, 1.3566027, 1.9272909)

[node name="Door" parent="." unique_id=683049571 instance=ExtResource("9_5tpbv")]
transform = Transform3D(1, 0, 0, 0, -0.33123907, -0.94354683, 0, 0.94354683, -0.33123907, 0, 0, 0)

[node name="DoorBaseModel" parent="Door" index="0" unique_id=1012687003]
destination_planet_ID = 2

[node name="Door2" parent="." unique_id=367153842 instance=ExtResource("9_5tpbv")]
transform = Transform3D(1, 0, 0, 0, -0.33123907, -0.94354683, 0, 0.94354683, -0.33123907, 0, 0, 0)

[node name="DoorBaseModel" parent="Door2" index="0" unique_id=1012687003]
destination_planet_ID = 9

[node name="Door3" parent="." unique_id=877364393 instance=ExtResource("9_5tpbv")]
transform = Transform3D(1, 0, 0, 0, -0.33123907, -0.94354683, 0, 0.94354683, -0.33123907, 0, 0, 0)

[node name="DoorBaseModel" parent="Door3" index="0" unique_id=1012687003]
destination_planet_ID = 10

[node name="Eye Offset" type="Node3D" parent="." unique_id=140912838]
script = ExtResource("9_thosl")

[node name="EyeContainer" type="Node3D" parent="Eye Offset" unique_id=517889321]
transform = Transform3D(25, 0, 0, 0, 25, 0, 0, 0, 25, 0, 10, -42)

[node name="DeerEye" type="AnimatedSprite3D" parent="Eye Offset/EyeContainer" unique_id=1574850876]
texture_filter = 0
sprite_frames = SubResource("SpriteFrames_xprqk")
autoplay = "default"
frame_progress = 0.328408

[node name="DeerPupil" type="Sprite3D" parent="Eye Offset/EyeContainer" unique_id=1082271110]
transform = Transform3D(0.74189967, 0, 0, 0, 0.74189967, 0, 0, 0, 1, -0.089, -0.074, 0.03)
sorting_offset = 1.0
texture = ExtResource("14_hguxs")

[editable path="CubedSkybox"]
[editable path="Cubed_Planet"]
[editable path="InteractionArea"]
[editable path="InteractionArea/Area3D/o-eye\'d deer"]
[editable path="Door"]
[editable path="Door/DoorBaseModel"]
[editable path="Door/DoorBaseModel/DoorAnims"]
[editable path="Door/DoorBaseModel/DoorVFX"]
[editable path="Door2"]
[editable path="Door2/DoorBaseModel"]
[editable path="Door2/DoorBaseModel/DoorAnims"]
[editable path="Door2/DoorBaseModel/DoorVFX"]
[editable path="Door3"]
[editable path="Door3/DoorBaseModel"]
[editable path="Door3/DoorBaseModel/DoorAnims"]
[editable path="Door3/DoorBaseModel/DoorVFX"]
