[gd_scene format=3 uid="uid://4fv72fed3ugq"]

[ext_resource type="Script" uid="uid://j00k3fiecr05" path="res://object_spawn.gd" id="1_2508a"]
[ext_resource type="PackedScene" uid="uid://dkew5vyxchdx1" path="res://planets/models/cubed_skybox.tscn" id="1_r6v8s"]
[ext_resource type="Material" uid="uid://b3n328ffy1u2k" path="res://planets/materials/11_Idea_skybox.tres" id="2_tpogy"]
[ext_resource type="PackedScene" uid="uid://bkytuxq3o6ibv" path="res://planets/models/cubed_planet.tscn" id="4_euoyh"]
[ext_resource type="Material" uid="uid://cy038dp1oxs0l" path="res://planets/materials/11_Idea_toon_shader.tres" id="6_2508a"]
[ext_resource type="PackedScene" uid="uid://cea4qqppfgm2" path="res://Character Scenes/Door_Boiler.tscn" id="7_xmh2l"]
[ext_resource type="PackedScene" uid="uid://dd1q0dg8wn1nx" path="res://Scenes/DialogueManager/InteractionAreaTemplate.tscn" id="8_kh0pl"]

[sub_resource type="ProceduralSkyMaterial" id="ProceduralSkyMaterial_id08o"]
sky_top_color = Color(0.7019608, 0.7019608, 0.72156864, 1)
sky_horizon_color = Color(0.7019608, 0.7019608, 0.72156864, 1)
ground_bottom_color = Color(0.7019608, 0.7019608, 0.72156864, 1)
ground_horizon_color = Color(0.7019608, 0.7019608, 0.72156864, 1)
ground_energy_multiplier = 0.5

[sub_resource type="Sky" id="Sky_4pae5"]
sky_material = SubResource("ProceduralSkyMaterial_id08o")

[sub_resource type="Environment" id="Environment_rtanu"]
background_mode = 2
sky = SubResource("Sky_4pae5")
tonemap_mode = 2
glow_enabled = true

[sub_resource type="CylinderShape3D" id="CylinderShape3D_2508a"]
radius = 0.3

[node name="11_Idea_Planet" type="Node3D" unique_id=731662202 node_paths=PackedStringArray("InteractionArea", "Obj_2")]
script = ExtResource("1_2508a")
InteractionArea = NodePath("InteractionArea")
Obj_2 = NodePath("Door")

[node name="WorldEnvironment" type="WorldEnvironment" parent="." unique_id=113572733]
environment = SubResource("Environment_rtanu")

[node name="DirectionalLight3D" type="DirectionalLight3D" parent="." unique_id=5369616]
transform = Transform3D(-0.8660254, -0.43301278, 0.25, 0, 0.49999997, 0.86602545, -0.50000006, 0.75, -0.43301266, 0, 0, 0)
shadow_enabled = true

[node name="CubedSkybox" parent="." unique_id=780089516 instance=ExtResource("1_r6v8s")]

[node name="Cubed_Skybox" parent="CubedSkybox" index="0" unique_id=172727627]
material_override = ExtResource("2_tpogy")

[node name="Cubed_Planet" parent="." unique_id=313376245 instance=ExtResource("4_euoyh")]
transform = Transform3D(500, 0, 0, 0, 500, 0, 0, 0, 500, 0, 0, 0)

[node name="Cubed_Planet" parent="Cubed_Planet" index="0" unique_id=1371780892]
material_override = ExtResource("6_2508a")

[node name="Door" parent="." unique_id=683049571 instance=ExtResource("7_xmh2l")]
transform = Transform3D(1, 0, 0, 0, -0.044735324, -0.9989989, 0, 0.9989989, -0.044735324, 0, 0, 0)

[node name="DoorBaseModel" parent="Door" index="0" unique_id=1012687003]
destination_planet_ID = 14

[node name="InteractionArea" parent="." unique_id=1441746603 instance=ExtResource("8_kh0pl")]

[node name="idea guy" parent="InteractionArea/Area3D" parent_id_path=PackedInt32Array(1441746603, 1533181775) index="7" unique_id=1608837145]
transform = Transform3D(-0.29621828, 0, -0.04748358, 0, 0.29999998, 0, 0.04748358, 0, -0.29621828, 0, -1.1280003, 0)
visible = true

[node name="Player_Cutscene_Locator" parent="InteractionArea/Area3D" parent_id_path=PackedInt32Array(1441746603, 1533181775) index="22" unique_id=1659489742]
transform = Transform3D(-0.8872468, 0.13784781, 0.44021627, -0.00028197977, 0.9541448, -0.2993459, -0.4612943, -0.265718, -0.84652305, -0.015068884, -1.2292776, -1.4966549)

[node name="frame_both" parent="InteractionArea/Area3D" parent_id_path=PackedInt32Array(1441746603, 1533181775) index="23" unique_id=1500776819]
transform = Transform3D(-0.14725077, 0.21976827, -0.964375, 0.14252268, 0.9695427, 0.19918407, 0.97877705, -0.10811529, -0.17408787, -2.9313462, 0.16930008, -1.3703153)
fov = 60.0

[node name="StaticBody3D" type="StaticBody3D" parent="InteractionArea" unique_id=857719675]
collision_layer = 2

[node name="CollisionShape3D" type="CollisionShape3D" parent="InteractionArea/StaticBody3D" unique_id=2068355635]
transform = Transform3D(1, 0, 0, 0, 1, 0, 0, 0, 1, 0, 5.9486732, -0.057549685)
shape = SubResource("CylinderShape3D_2508a")

[editable path="CubedSkybox"]
[editable path="Cubed_Planet"]
[editable path="Door"]
[editable path="Door/DoorBaseModel"]
[editable path="Door/DoorBaseModel/DoorAnims"]
[editable path="Door/DoorBaseModel/DoorVFX"]
[editable path="InteractionArea"]
