[gd_scene format=3 uid="uid://bnb0buomordut"]

[ext_resource type="Script" uid="uid://j00k3fiecr05" path="res://object_spawn.gd" id="1_0s5uc"]
[ext_resource type="PackedScene" uid="uid://cea4qqppfgm2" path="res://Character Scenes/Door_Boiler.tscn" id="3_wxs3e"]
[ext_resource type="PackedScene" uid="uid://bkytuxq3o6ibv" path="res://planets/models/cubed_planet.tscn" id="4_jqsyd"]
[ext_resource type="PackedScene" uid="uid://dd1q0dg8wn1nx" path="res://Scenes/DialogueManager/InteractionAreaTemplate.tscn" id="4_wxs3e"]
[ext_resource type="Script" uid="uid://cqprlsvq8gfet" path="res://Character Scenes/NPCs/individual_completion.gd" id="5_dkal1"]
[ext_resource type="Material" uid="uid://cipybu1vobpug" path="res://Character Export Files/Materials/glow_placeholder.tres" id="5_rp6ui"]

[sub_resource type="ProceduralSkyMaterial" id="ProceduralSkyMaterial_teqbg"]
sky_top_color = Color(0.25, 0.25, 0.25, 1)
sky_horizon_color = Color(0.2509804, 0.2509804, 0.2509804, 1)
ground_bottom_color = Color(0.2509804, 0.2509804, 0.2509804, 1)
ground_horizon_color = Color(0.2509804, 0.2509804, 0.2509804, 1)

[sub_resource type="Sky" id="Sky_emtk8"]
sky_material = SubResource("ProceduralSkyMaterial_teqbg")

[sub_resource type="Environment" id="Environment_dkal1"]
background_mode = 2
sky = SubResource("Sky_emtk8")
tonemap_mode = 2
glow_enabled = true
glow_intensity = 0.2

[sub_resource type="CylinderShape3D" id="CylinderShape3D_wxs3e"]
radius = 0.3

[node name="13_Individual_Planet" type="Node3D" unique_id=731662202 node_paths=PackedStringArray("InteractionArea", "Obj_2")]
script = ExtResource("1_0s5uc")
InteractionArea = NodePath("InteractionArea")
Obj_2 = NodePath("Door")

[node name="WorldEnvironment" type="WorldEnvironment" parent="." unique_id=2017051348]
environment = SubResource("Environment_dkal1")

[node name="Cubed_Planet" parent="." unique_id=313376245 instance=ExtResource("4_jqsyd")]
transform = Transform3D(500, 0, 0, 0, 500, 0, 0, 0, 500, 0, 0, 0)

[node name="Door" parent="." unique_id=683049571 instance=ExtResource("3_wxs3e")]
transform = Transform3D(1, 0, 0, 0, -0.19841005, -0.9801191, 0, 0.9801191, -0.19841005, 0, 0, 0)

[node name="DoorBaseModel" parent="Door" index="0" unique_id=1012687003]
destination_planet_ID = 7

[node name="InteractionArea" parent="." unique_id=1441746603 instance=ExtResource("4_wxs3e")]

[node name="individuated individual" parent="InteractionArea/Area3D" parent_id_path=PackedInt32Array(1441746603, 1533181775) index="8" unique_id=1840200528 groups=["Completion_Change"]]
transform = Transform3D(-0.29568365, 0, -0.050706778, 0, 0.29999998, 0, 0.050706778, 0, -0.29568365, 0, -1.1280003, 0)
visible = true
script = ExtResource("5_dkal1")

[node name="head" parent="InteractionArea/Area3D/individuated individual" index="0" unique_id=423503737]
cast_shadow = 0
surface_material_override/0 = ExtResource("5_rp6ui")

[node name="body" parent="InteractionArea/Area3D/individuated individual" index="1" unique_id=1475139839]
cast_shadow = 0
surface_material_override/0 = ExtResource("5_rp6ui")

[node name="left arm" parent="InteractionArea/Area3D/individuated individual" index="2" unique_id=956956932]
cast_shadow = 0
surface_material_override/0 = ExtResource("5_rp6ui")

[node name="right arm" parent="InteractionArea/Area3D/individuated individual" index="3" unique_id=1725218058]
cast_shadow = 0
surface_material_override/0 = ExtResource("5_rp6ui")

[node name="left leg" parent="InteractionArea/Area3D/individuated individual" index="4" unique_id=1296097962]
cast_shadow = 0
surface_material_override/0 = ExtResource("5_rp6ui")

[node name="right leg" parent="InteractionArea/Area3D/individuated individual" index="5" unique_id=1803999577]
cast_shadow = 0
surface_material_override/0 = ExtResource("5_rp6ui")

[node name="DirectionalLight3D" type="DirectionalLight3D" parent="InteractionArea/Area3D/individuated individual" index="6" unique_id=5369616]
transform = Transform3D(-2.2604942, 0.45662403, -2.406818, -2.3942327, 0.28146324, 2.302074, 0.51858395, 3.2898912, 0.13710544, 0, -16.30837, 0)
shadow_enabled = true

[node name="Player_Cutscene_Locator" parent="InteractionArea/Area3D" parent_id_path=PackedInt32Array(1441746603, 1533181775) index="22" unique_id=1659489742]
transform = Transform3D(-0.8566394, 0.15420666, 0.49233016, -0.0002819512, 0.9541448, -0.29934588, -0.51591533, -0.25657046, -0.81731445, -0.015068884, -1.2292776, -1.4966549)

[node name="frame_both" parent="InteractionArea/Area3D" parent_id_path=PackedInt32Array(1441746603, 1533181775) index="23" unique_id=1500776819]
transform = Transform3D(-0.06454884, 0.16641669, -0.98394054, 0.15691632, 0.9754234, 0.15468207, 0.9855003, -0.14441177, -0.089075945, -2.8933704, -0.16662121, -1.0770669)
fov = 60.0

[node name="player_give" parent="InteractionArea/Area3D" parent_id_path=PackedInt32Array(1441746603, 1533181775) index="24" unique_id=1211501517]
transform = Transform3D(-0.7970592, 0.31695554, -0.51403874, 0.06774128, 0.8927503, 0.4454301, 0.6000898, 0.3202125, -0.7330459, -2.4882615, 1.4264426, -4.417657)
fov = 40.0

[node name="StaticBody3D" type="StaticBody3D" parent="InteractionArea" unique_id=1441861947]
collision_layer = 2

[node name="CollisionShape3D" type="CollisionShape3D" parent="InteractionArea/StaticBody3D" unique_id=1890240844]
transform = Transform3D(1, 0, 0, 0, 1, 0, 0, 0, 1, 0, 5.9486732, 0)
shape = SubResource("CylinderShape3D_wxs3e")

[editable path="Cubed_Planet"]
[editable path="Door"]
[editable path="Door/DoorBaseModel"]
[editable path="Door/DoorBaseModel/DoorAnims"]
[editable path="Door/DoorBaseModel/DoorVFX"]
[editable path="InteractionArea"]
[editable path="InteractionArea/Area3D/individuated individual"]
