[gd_scene format=3 uid="uid://ubtagolsdxhl"]

[ext_resource type="PackedScene" uid="uid://dkew5vyxchdx1" path="res://planets/models/cubed_skybox.tscn" id="1_4vmp8"]
[ext_resource type="Script" uid="uid://j00k3fiecr05" path="res://object_spawn.gd" id="1_gwpq8"]
[ext_resource type="Material" uid="uid://bf7h7b46s7acd" path="res://planets/materials/14_Norgans_Sky_toon_shader.tres" id="3_gwpq8"]
[ext_resource type="PackedScene" uid="uid://rymhcidn3jgx" path="res://planets/models/body without organs planet model/body without organs planet.gltf" id="3_o4pfg"]
[ext_resource type="PackedScene" uid="uid://dd1q0dg8wn1nx" path="res://Scenes/DialogueManager/InteractionAreaTemplate.tscn" id="5_a54x6"]
[ext_resource type="PackedScene" uid="uid://cea4qqppfgm2" path="res://Character Scenes/Door_Boiler.tscn" id="6_ax27o"]

[sub_resource type="ProceduralSkyMaterial" id="ProceduralSkyMaterial_id08o"]
sky_top_color = Color(0.7019608, 0.7019608, 0.72156864, 1)
sky_horizon_color = Color(0.7019608, 0.7019608, 0.72156864, 1)
ground_bottom_color = Color(0.7019608, 0.7019608, 0.72156864, 1)
ground_horizon_color = Color(0.7019608, 0.7019608, 0.72156864, 1)
ground_energy_multiplier = 0.5

[sub_resource type="Sky" id="Sky_4pae5"]
sky_material = SubResource("ProceduralSkyMaterial_id08o")

[sub_resource type="Environment" id="Environment_rtanu"]
background_mode = 2
sky = SubResource("Sky_4pae5")
tonemap_mode = 2
glow_enabled = true

[sub_resource type="CylinderShape3D" id="CylinderShape3D_gwpq8"]
radius = 0.4

[node name="14_Norgans_Planet" type="Node3D" unique_id=731662202 node_paths=PackedStringArray("InteractionArea", "Obj_2")]
script = ExtResource("1_gwpq8")
InteractionArea = NodePath("InteractionArea")
Obj_2 = NodePath("Door")

[node name="WorldEnvironment" type="WorldEnvironment" parent="." unique_id=113572733]
environment = SubResource("Environment_rtanu")

[node name="DirectionalLight3D" type="DirectionalLight3D" parent="." unique_id=5369616]
transform = Transform3D(-0.8660254, -0.43301278, 0.25, 0, 0.49999997, 0.86602545, -0.50000006, 0.75, -0.43301266, 0, 0, 0)
shadow_enabled = true

[node name="CubedSkybox" parent="." unique_id=780089516 instance=ExtResource("1_4vmp8")]

[node name="Cubed_Skybox" parent="CubedSkybox" index="0" unique_id=172727627]
material_override = ExtResource("3_gwpq8")

[node name="body without organs planet" parent="." unique_id=1822381601 instance=ExtResource("3_o4pfg")]
transform = Transform3D(5, 0, 0, 0, 5, 0, 0, 0, 5, 0, 0, 0)

[node name="InteractionArea" parent="." unique_id=1441746603 instance=ExtResource("5_a54x6")]

[node name="body without organs" parent="InteractionArea/Area3D" parent_id_path=PackedInt32Array(1441746603, 1533181775) index="12" unique_id=265873924]
transform = Transform3D(-0.46, 0, 6.945807e-08, 0, 0.46, 0, -6.945807e-08, 0, -0.46, 0, -1.1280003, 0)
visible = true

[node name="Player_Cutscene_Locator" parent="InteractionArea/Area3D" parent_id_path=PackedInt32Array(1441746603, 1533181775) index="22" unique_id=1659489742]
transform = Transform3D(-0.81725866, 0.17228435, 0.5499144, -0.00028195584, 0.95414466, -0.29934588, -0.57627046, -0.24479826, -0.7797345, -0.015068884, -1.2292776, -1.4966549)

[node name="frame_both" parent="InteractionArea/Area3D" parent_id_path=PackedInt32Array(1441746603, 1533181775) index="23" unique_id=1500776819]
transform = Transform3D(-0.15328366, 0.2547974, -0.9547683, 0.16143155, 0.95966345, 0.23018672, 0.97490716, -0.11884586, -0.18823308, -3.30494, 0.18591881, -1.4252298)
fov = 60.0

[node name="player_give" parent="InteractionArea/Area3D" parent_id_path=PackedInt32Array(1441746603, 1533181775) index="24" unique_id=1211501517]
transform = Transform3D(-0.7336957, 0.17993423, -0.65522087, 0.103769384, 0.9826604, 0.15365675, 0.6715077, 0.04474542, -0.7396454, -1.8407773, -0.017608643, -3.1216211)

[node name="StaticBody3D" type="StaticBody3D" parent="InteractionArea" unique_id=1386157990]
collision_layer = 2

[node name="CollisionShape3D" type="CollisionShape3D" parent="InteractionArea/StaticBody3D" unique_id=487175394]
transform = Transform3D(1, 0, 0, 0, 1, 0, 0, 0, 1, 0, 5.9486732, 0)
shape = SubResource("CylinderShape3D_gwpq8")

[node name="Door" parent="." unique_id=683049571 instance=ExtResource("6_ax27o")]
transform = Transform3D(1, 0, 0, 0, -0.15086399, 0.98855454, 0, -0.98855454, -0.15086399, 0, 0, 0)

[node name="DoorBaseModel" parent="Door" index="0" unique_id=1012687003]
destination_planet_ID = 8

[editable path="CubedSkybox"]
[editable path="InteractionArea"]
[editable path="Door"]
[editable path="Door/DoorBaseModel"]
[editable path="Door/DoorBaseModel/DoorAnims"]
[editable path="Door/DoorBaseModel/DoorVFX"]
