[gd_scene format=3 uid="uid://cfsxmx6s6rysc"]

[ext_resource type="Script" uid="uid://j00k3fiecr05" path="res://object_spawn.gd" id="1_pavfl"]
[ext_resource type="PackedScene" uid="uid://dkew5vyxchdx1" path="res://planets/models/cubed_skybox.tscn" id="1_x7cbi"]
[ext_resource type="Material" uid="uid://dvjaide64hjns" path="res://planets/materials/16_Bodhi_skybox.tres" id="2_t23sy"]
[ext_resource type="Material" uid="uid://do5u7cbywfrxe" path="res://planets/materials/16_bodhi_toon_shader.tres" id="5_pavfl"]
[ext_resource type="PackedScene" uid="uid://dd1q0dg8wn1nx" path="res://Scenes/DialogueManager/InteractionAreaTemplate.tscn" id="6_d2ex3"]
[ext_resource type="PackedScene" uid="uid://cea4qqppfgm2" path="res://Character Scenes/Door_Boiler.tscn" id="7_ms62e"]

[sub_resource type="ProceduralSkyMaterial" id="ProceduralSkyMaterial_id08o"]
sky_top_color = Color(0.7019608, 0.7019608, 0.72156864, 1)
sky_horizon_color = Color(0.7019608, 0.7019608, 0.72156864, 1)
ground_bottom_color = Color(0.7019608, 0.7019608, 0.72156864, 1)
ground_horizon_color = Color(0.7019608, 0.7019608, 0.72156864, 1)
ground_energy_multiplier = 0.5

[sub_resource type="Sky" id="Sky_4pae5"]
sky_material = SubResource("ProceduralSkyMaterial_id08o")

[sub_resource type="Environment" id="Environment_rtanu"]
background_mode = 2
sky = SubResource("Sky_4pae5")
tonemap_mode = 2
glow_enabled = true

[sub_resource type="SphereMesh" id="SphereMesh_436d7"]
radius = 5.0
height = 10.0

[sub_resource type="CylinderShape3D" id="CylinderShape3D_pavfl"]
radius = 0.3

[node name="16_Bodhi_Planet" type="Node3D" unique_id=731662202 node_paths=PackedStringArray("InteractionArea", "Obj_2")]
script = ExtResource("1_pavfl")
InteractionArea = NodePath("InteractionArea")
Obj_2 = NodePath("Door")

[node name="WorldEnvironment" type="WorldEnvironment" parent="." unique_id=113572733]
environment = SubResource("Environment_rtanu")

[node name="DirectionalLight3D" type="DirectionalLight3D" parent="." unique_id=5369616]
transform = Transform3D(-0.8660254, -0.43301278, 0.25, 0, 0.49999997, 0.86602545, -0.50000006, 0.75, -0.43301266, 0, 0, 0)
shadow_enabled = true

[node name="CubedSkybox" parent="." unique_id=780089516 instance=ExtResource("1_x7cbi")]

[node name="Cubed_Skybox" parent="CubedSkybox" index="0" unique_id=172727627]
material_override = ExtResource("2_t23sy")

[node name="PlanetSphere" type="MeshInstance3D" parent="." unique_id=485743204]
material_override = ExtResource("5_pavfl")
mesh = SubResource("SphereMesh_436d7")

[node name="InteractionArea" parent="." unique_id=1441746603 instance=ExtResource("6_d2ex3")]

[node name="bodhisattva" parent="InteractionArea/Area3D" parent_id_path=PackedInt32Array(1441746603, 1533181775) index="2" unique_id=1700854843]
transform = Transform3D(-0.2999886, 0, 0.0026179722, 0, 0.29999992, 0, -0.0026179722, 0, -0.2999886, 0, -1.1280003, 0)
visible = true

[node name="Player_Cutscene_Locator" parent="InteractionArea/Area3D" parent_id_path=PackedInt32Array(1441746603, 1533181775) index="22" unique_id=1659489742]
transform = Transform3D(-0.85476077, 0.15513708, 0.49529392, -0.00028196746, 0.9541448, -0.2993459, -0.5190217, -0.25600895, -0.81552166, 0.5411762, -1.2292776, -1.4032687)

[node name="frame_both" parent="InteractionArea/Area3D" parent_id_path=PackedInt32Array(1441746603, 1533181775) index="23" unique_id=1500776819]
transform = Transform3D(-0.3481381, 0.25479484, -0.90215266, 0.14976388, 0.9651111, 0.2147827, 0.92540306, -0.06033586, -0.37415078, -2.383252, 0.06180668, -1.8329742)
fov = 60.0

[node name="player_receive" parent="InteractionArea/Area3D" parent_id_path=PackedInt32Array(1441746603, 1533181775) index="25" unique_id=275622376]
transform = Transform3D(0.5925275, 0.1891346, -0.7830321, 0.064857826, 0.9576896, 0.28040013, 0.8029351, -0.21693055, 0.5551907, -3.2137134, 1.060317, 1.7669256)

[node name="StaticBody3D" type="StaticBody3D" parent="InteractionArea" unique_id=193573402]
collision_layer = 2

[node name="CollisionShape3D" type="CollisionShape3D" parent="InteractionArea/StaticBody3D" unique_id=345900104]
transform = Transform3D(1, 0, 0, 0, 1, 0, 0, 0, 1, 0, 5.9486732, 0)
shape = SubResource("CylinderShape3D_pavfl")

[node name="Door" parent="." unique_id=683049571 instance=ExtResource("7_ms62e")]
transform = Transform3D(-0.4355925, -0.900144, 0, 0.900144, -0.4355925, 0, 0, 0, 1, 0, 0, 0)

[node name="DoorBaseModel" parent="Door" index="0" unique_id=1012687003]
destination_planet_ID = 16

[editable path="CubedSkybox"]
[editable path="InteractionArea"]
[editable path="Door"]
[editable path="Door/DoorBaseModel"]
[editable path="Door/DoorBaseModel/DoorAnims"]
[editable path="Door/DoorBaseModel/DoorVFX"]
