[gd_scene format=3 uid="uid://er3u42tvater"]

[ext_resource type="Script" uid="uid://j00k3fiecr05" path="res://object_spawn.gd" id="1_ekkq8"]
[ext_resource type="PackedScene" uid="uid://dkew5vyxchdx1" path="res://planets/models/cubed_skybox.tscn" id="1_kiytl"]
[ext_resource type="Material" uid="uid://115rl1p1xj1q" path="res://planets/materials/17_Sisyphus_skybox.tres" id="2_jbkmu"]
[ext_resource type="PackedScene" uid="uid://bkytuxq3o6ibv" path="res://planets/models/cubed_planet.tscn" id="4_qrq4l"]
[ext_resource type="Material" uid="uid://dit88qyf8fw24" path="res://planets/materials/17_sisyphus_toon_shader.tres" id="6_ekkq8"]
[ext_resource type="PackedScene" uid="uid://cea4qqppfgm2" path="res://Character Scenes/Door_Boiler.tscn" id="7_x2x1x"]
[ext_resource type="PackedScene" uid="uid://dd1q0dg8wn1nx" path="res://Scenes/DialogueManager/InteractionAreaTemplate.tscn" id="8_c2lp6"]
[ext_resource type="Texture2D" uid="uid://csigccbkei2wt" path="res://planets/textures/Skybox Textures/sisyphus planet skybox.png" id="8_ekkq8"]

[sub_resource type="ProceduralSkyMaterial" id="ProceduralSkyMaterial_id08o"]
sky_top_color = Color(0.7019608, 0.7019608, 0.72156864, 1)
sky_horizon_color = Color(0.7019608, 0.7019608, 0.72156864, 1)
ground_bottom_color = Color(0.7019608, 0.7019608, 0.72156864, 1)
ground_horizon_color = Color(0.7019608, 0.7019608, 0.72156864, 1)
ground_energy_multiplier = 0.5

[sub_resource type="Sky" id="Sky_4pae5"]
sky_material = SubResource("ProceduralSkyMaterial_id08o")

[sub_resource type="Environment" id="Environment_rtanu"]
background_mode = 2
sky = SubResource("Sky_4pae5")
tonemap_mode = 2
glow_enabled = true

[sub_resource type="CylinderShape3D" id="CylinderShape3D_ekkq8"]
radius = 0.3

[sub_resource type="SphereMesh" id="SphereMesh_x2x1x"]
radius = 5.0
height = 10.0

[sub_resource type="StandardMaterial3D" id="StandardMaterial3D_c2lp6"]
cull_mode = 1
shading_mode = 0
albedo_texture = ExtResource("8_ekkq8")
uv1_scale = Vector3(2, 1, 1)
texture_filter = 0

[node name="17_Sisyphus_Planet" type="Node3D" unique_id=731662202 node_paths=PackedStringArray("InteractionArea", "Obj_2", "Obj_3")]
script = ExtResource("1_ekkq8")
InteractionArea = NodePath("InteractionArea")
Obj_2 = NodePath("Door")
Obj_3 = NodePath("Door2")

[node name="WorldEnvironment" type="WorldEnvironment" parent="." unique_id=113572733]
environment = SubResource("Environment_rtanu")

[node name="DirectionalLight3D" type="DirectionalLight3D" parent="." unique_id=5369616]
transform = Transform3D(-0.8660254, -0.43301278, 0.25, 0, 0.49999997, 0.86602545, -0.50000006, 0.75, -0.43301266, 0, 0, 0)
shadow_enabled = true

[node name="CubedSkybox" parent="." unique_id=780089516 instance=ExtResource("1_kiytl")]
visible = false

[node name="Cubed_Skybox" parent="CubedSkybox" index="0" unique_id=880234612]
material_override = ExtResource("2_jbkmu")

[node name="Cubed_Planet" parent="." unique_id=313376245 instance=ExtResource("4_qrq4l")]
transform = Transform3D(500, 0, 0, 0, 500, 0, 0, 0, 500, 0, 0, 0)

[node name="Cubed_Planet" parent="Cubed_Planet" index="0" unique_id=1134823557]
material_override = ExtResource("6_ekkq8")

[node name="Door" parent="." unique_id=683049571 instance=ExtResource("7_x2x1x")]
transform = Transform3D(1, 0, 0, 0, -0.088372715, 0.9960875, 0, -0.9960875, -0.088372715, 0, 0, 0)

[node name="DoorBaseModel" parent="Door" index="0" unique_id=1012687003]
destination_planet_ID = 1

[node name="Door2" parent="." unique_id=445924259 instance=ExtResource("7_x2x1x")]
transform = Transform3D(1, 0, 0, 0, -0.088372715, 0.9960875, 0, -0.9960875, -0.088372715, 0, 0, 0)

[node name="DoorBaseModel" parent="Door2" index="0" unique_id=1012687003]
destination_planet_ID = 19

[node name="InteractionArea" parent="." unique_id=1441746603 instance=ExtResource("8_c2lp6")]

[node name="sisyphus" parent="InteractionArea/Area3D" parent_id_path=PackedInt32Array(1441746603, 1533181775) index="17" unique_id=403637881]
transform = Transform3D(-0.28359073, 0, -0.097858526, 0, 0.29999998, 0, 0.097858526, 0, -0.28359073, 0, -1.1280003, 0)
visible = true

[node name="Player_Cutscene_Locator" parent="InteractionArea/Area3D" parent_id_path=PackedInt32Array(1441746603, 1533181775) index="22" unique_id=1659489742]
transform = Transform3D(-0.8810523, -0.002757583, 0.4730102, -0.14401993, 0.9540697, -0.26269668, -0.45056018, -0.2995726, -0.84098244, -0.013787807, -1.2296524, -1.4978626)

[node name="frame_both" parent="InteractionArea/Area3D" parent_id_path=PackedInt32Array(1441746603, 1533181775) index="23" unique_id=1500776819]
transform = Transform3D(-0.17370969, 0.3166899, -0.9324873, 0.17051807, 0.94225293, 0.28824133, 0.96992195, -0.10893562, -0.21767978, -2.7253325, 0.22331142, -1.4078279)
fov = 60.0

[node name="player_give" parent="InteractionArea/Area3D" parent_id_path=PackedInt32Array(1441746603, 1533181775) index="24" unique_id=1211501517]
transform = Transform3D(-0.7057584, 0.029190388, -0.7078511, 0.0332053, 0.9994157, 0.008106809, 0.7076741, -0.01778296, -0.70631534, -1.9927261, 0.0012669563, -3.0505831)
fov = 40.0

[node name="Node3D" parent="InteractionArea/Area3D/Node3D" parent_id_path=PackedInt32Array(1441746603, 697001812) index="0" unique_id=313769293]
transform = Transform3D(-0.88104755, -2.0372681e-10, 0.47302753, 0, 1, 0, -0.47302753, 0, -0.8810476, 1.1641532e-09, 5.0000005, 2.3841858e-07)
top_level = false

[node name="StaticBody3D" type="StaticBody3D" parent="InteractionArea" unique_id=1586051049]
collision_layer = 2

[node name="CollisionShape3D" type="CollisionShape3D" parent="InteractionArea/StaticBody3D" unique_id=508364204]
transform = Transform3D(1, 0, 0, 0, 1, 0, 0, 0, 1, 0, 5.9486732, -0.056016624)
shape = SubResource("CylinderShape3D_ekkq8")

[node name="MeshInstance3D" type="MeshInstance3D" parent="." unique_id=298499668]
transform = Transform3D(20, 0, 0, 0, 20, 0, 0, 0, 20, 0, 0, 0)
mesh = SubResource("SphereMesh_x2x1x")
surface_material_override/0 = SubResource("StandardMaterial3D_c2lp6")

[editable path="CubedSkybox"]
[editable path="Cubed_Planet"]
[editable path="Door"]
[editable path="Door/DoorBaseModel"]
[editable path="Door/DoorBaseModel/DoorAnims"]
[editable path="Door/DoorBaseModel/DoorVFX"]
[editable path="Door2"]
[editable path="Door2/DoorBaseModel"]
[editable path="Door2/DoorBaseModel/DoorAnims"]
[editable path="Door2/DoorBaseModel/DoorVFX"]
[editable path="InteractionArea"]
