[gd_scene format=3 uid="uid://c2jatitnj3qcd"]

[ext_resource type="Material" uid="uid://eyfitw40ikot" path="res://planets/materials/18_Mass_skybox.tres" id="1_xbi7y"]
[ext_resource type="Script" uid="uid://j00k3fiecr05" path="res://object_spawn.gd" id="1_yab18"]
[ext_resource type="Material" uid="uid://c8vt37dcw1hr" path="res://planets/materials/18_mass_toon_shader.tres" id="2_yab18"]
[ext_resource type="PackedScene" uid="uid://dd1q0dg8wn1nx" path="res://Scenes/DialogueManager/InteractionAreaTemplate.tscn" id="4_v005d"]
[ext_resource type="PackedScene" uid="uid://cea4qqppfgm2" path="res://Character Scenes/Door_Boiler.tscn" id="5_501ac"]

[sub_resource type="ProceduralSkyMaterial" id="ProceduralSkyMaterial_id08o"]
sky_top_color = Color(0.7019608, 0.7019608, 0.72156864, 1)
sky_horizon_color = Color(0.7019608, 0.7019608, 0.72156864, 1)
ground_bottom_color = Color(0.7019608, 0.7019608, 0.72156864, 1)
ground_horizon_color = Color(0.7019608, 0.7019608, 0.72156864, 1)
ground_energy_multiplier = 0.5

[sub_resource type="Sky" id="Sky_4pae5"]
sky_material = SubResource("ProceduralSkyMaterial_id08o")

[sub_resource type="Environment" id="Environment_rtanu"]
background_mode = 2
sky = SubResource("Sky_4pae5")
tonemap_mode = 2
glow_enabled = true

[sub_resource type="SphereMesh" id="SphereMesh_wsw8c"]
radius = 5.0
height = 10.0

[sub_resource type="SphereMesh" id="SphereMesh_6rb65"]
flip_faces = true
radius = 5.0
height = 10.0

[sub_resource type="SphereShape3D" id="SphereShape3D_yab18"]
radius = 1.0

[node name="18_Mass_Planet" type="Node3D" unique_id=731662202 node_paths=PackedStringArray("InteractionArea", "Obj_2")]
script = ExtResource("1_yab18")
InteractionArea = NodePath("InteractionArea")
Obj_2 = NodePath("Door")

[node name="WorldEnvironment" type="WorldEnvironment" parent="." unique_id=113572733]
environment = SubResource("Environment_rtanu")

[node name="DirectionalLight3D" type="DirectionalLight3D" parent="." unique_id=5369616]
transform = Transform3D(-0.8660254, -0.43301278, 0.25, 0, 0.49999997, 0.86602545, -0.50000006, 0.75, -0.43301266, 0, 0, 0)
shadow_enabled = true

[node name="PlanetSphere" type="MeshInstance3D" parent="." unique_id=651313934]
material_override = ExtResource("2_yab18")
mesh = SubResource("SphereMesh_wsw8c")

[node name="SkySphere" type="MeshInstance3D" parent="." unique_id=1139091591]
transform = Transform3D(20, 0, 0, 0, 20, 0, 0, 0, 20, 0, 0, 0)
material_override = ExtResource("1_xbi7y")
mesh = SubResource("SphereMesh_6rb65")

[node name="InteractionArea" parent="." unique_id=1441746603 instance=ExtResource("4_v005d")]

[node name="CollisionShape3D" parent="InteractionArea/Area3D" parent_id_path=PackedInt32Array(1441746603, 1533181775) index="0" unique_id=1777274432]
transform = Transform3D(1, 0, 0, 0, 1, 0, 0, 0, 1, 0, -0.45211267, 0)

[node name="FesteringMass" parent="InteractionArea/Area3D" parent_id_path=PackedInt32Array(1441746603, 1533181775) index="4" unique_id=999152094]
visible = true

[node name="Player_Cutscene_Locator" parent="InteractionArea/Area3D" parent_id_path=PackedInt32Array(1441746603, 1533181775) index="22" unique_id=1659489742]
transform = Transform3D(-0.97737277, 0.06305578, 0.20190677, -0.00028201946, 0.9541447, -0.299346, -0.21152371, -0.29262963, -0.93253726, -0.013787807, -1.1397729, -1.4978626)

[node name="frame_both" parent="InteractionArea/Area3D" parent_id_path=PackedInt32Array(1441746603, 1533181775) index="23" unique_id=1500776819]
transform = Transform3D(-0.8141611, 0.41926232, -0.4016975, 0.04581018, 0.73604465, 0.6753812, 0.57882917, 0.53146726, -0.6184655, -2.670443, 2.5624762, -4.7225995)
fov = 50.0

[node name="player_receive" parent="InteractionArea/Area3D" parent_id_path=PackedInt32Array(1441746603, 1533181775) index="25" unique_id=275622376]
transform = Transform3D(0.7873166, 0.032399155, -0.61569715, 0.06950846, 0.98758763, 0.140852, 0.6126183, -0.15369128, 0.7752921, -2.8124363, 0.032417774, 2.5155675)
fov = 36.9

[node name="StaticBody3D" type="StaticBody3D" parent="InteractionArea" unique_id=1962741861]
collision_layer = 2

[node name="CollisionShape3D" type="CollisionShape3D" parent="InteractionArea/StaticBody3D" unique_id=1770539092]
transform = Transform3D(1, 0, 0, 0, 1, 0, 0, 0, 1, 0, 5.11054, 0)
shape = SubResource("SphereShape3D_yab18")

[node name="Door" parent="." unique_id=683049571 instance=ExtResource("5_501ac")]
transform = Transform3D(1, 0, 0, 0, -0.5022504, -0.86472225, 0, 0.86472225, -0.5022504, 0, 0, 0)

[node name="DoorBaseModel" parent="Door" index="0" unique_id=1012687003]
destination_planet_ID = 6

[editable path="InteractionArea"]
[editable path="Door"]
[editable path="Door/DoorBaseModel"]
[editable path="Door/DoorBaseModel/DoorAnims"]
[editable path="Door/DoorBaseModel/DoorVFX"]
