[gd_scene format=3 uid="uid://dp5m3sj1lya0c"]

[ext_resource type="PackedScene" uid="uid://dkew5vyxchdx1" path="res://planets/models/cubed_skybox.tscn" id="1_uu6te"]
[ext_resource type="Script" uid="uid://j00k3fiecr05" path="res://object_spawn.gd" id="1_yykri"]
[ext_resource type="Material" uid="uid://4yukhbj7h6r4" path="res://planets/materials/19_Michaelwave_skybox_shader.tres" id="3_yykri"]
[ext_resource type="PackedScene" uid="uid://bkytuxq3o6ibv" path="res://planets/models/cubed_planet.tscn" id="4_vya3k"]
[ext_resource type="Material" uid="uid://bbtlar482o6lv" path="res://planets/materials/19_Michaelwave_planet.tres" id="5_yykri"]
[ext_resource type="PackedScene" uid="uid://cea4qqppfgm2" path="res://Character Scenes/Door_Boiler.tscn" id="7_vm1ek"]
[ext_resource type="PackedScene" uid="uid://dd1q0dg8wn1nx" path="res://Scenes/DialogueManager/InteractionAreaTemplate.tscn" id="8_vm1ek"]

[sub_resource type="ProceduralSkyMaterial" id="ProceduralSkyMaterial_id08o"]
sky_top_color = Color(0.7019608, 0.7019608, 0.72156864, 1)
sky_horizon_color = Color(0.7019608, 0.7019608, 0.72156864, 1)
ground_bottom_color = Color(0.7019608, 0.7019608, 0.72156864, 1)
ground_horizon_color = Color(0.7019608, 0.7019608, 0.72156864, 1)
ground_energy_multiplier = 0.5

[sub_resource type="Sky" id="Sky_4pae5"]
sky_material = SubResource("ProceduralSkyMaterial_id08o")

[sub_resource type="Environment" id="Environment_rtanu"]
background_mode = 2
sky = SubResource("Sky_4pae5")
tonemap_mode = 2
glow_enabled = true

[sub_resource type="CylinderShape3D" id="CylinderShape3D_vm1ek"]
radius = 0.4

[node name="19_Michaelwave_Planet" type="Node3D" unique_id=731662202 node_paths=PackedStringArray("InteractionArea", "Obj_2")]
script = ExtResource("1_yykri")
InteractionArea = NodePath("InteractionArea")
Obj_2 = NodePath("Door")

[node name="WorldEnvironment" type="WorldEnvironment" parent="." unique_id=113572733]
environment = SubResource("Environment_rtanu")

[node name="DirectionalLight3D" type="DirectionalLight3D" parent="." unique_id=5369616]
transform = Transform3D(-0.8660254, -0.43301278, 0.25, 0, 0.49999997, 0.86602545, -0.50000006, 0.75, -0.43301266, 0, 0, 0)
shadow_enabled = true

[node name="CubedSkybox" parent="." unique_id=780089516 instance=ExtResource("1_uu6te")]

[node name="Cubed_Skybox" parent="CubedSkybox" index="0" unique_id=880234612]
material_override = ExtResource("3_yykri")

[node name="Cubed_Planet" parent="." unique_id=313376245 instance=ExtResource("4_vya3k")]
transform = Transform3D(500, 0, 0, 0, 500, 0, 0, 0, 500, 0, 0, 0)

[node name="Cubed_Planet" parent="Cubed_Planet" index="0" unique_id=1134823557]
material_override = ExtResource("5_yykri")

[node name="Door" parent="." unique_id=683049571 instance=ExtResource("7_vm1ek")]
transform = Transform3D(0.46944076, 0.88296396, 0, -0.88296396, 0.46944076, 0, 0, 0, 1, 0, 0, 0)

[node name="DoorBaseModel" parent="Door" index="0" unique_id=1012687003]
destination_planet_ID = 11

[node name="InteractionArea" parent="." unique_id=1441746603 instance=ExtResource("8_vm1ek")]

[node name="michaelwave" parent="InteractionArea/Area3D" parent_id_path=PackedInt32Array(1441746603, 1533181775) index="11" unique_id=1980506230]
transform = Transform3D(-0.29815713, 0, -0.03320129, 0, 0.29999998, 0, 0.03320129, 0, -0.29815713, 0, -1.1280003, 0)
visible = true

[node name="Player_Cutscene_Locator" parent="InteractionArea/Area3D" parent_id_path=PackedInt32Array(1441746603, 1533181775) index="22" unique_id=1659489742]
transform = Transform3D(-0.83643264, 0.16383724, 0.52300787, -0.00028196746, 0.9541448, -0.2993459, -0.5480692, -0.25053036, -0.7980316, -0.015068884, -1.2292776, -1.4966549)

[node name="frame_both" parent="InteractionArea/Area3D" parent_id_path=PackedInt32Array(1441746603, 1533181775) index="23" unique_id=1500776819]
transform = Transform3D(-0.15328366, 0.2547974, -0.9547683, 0.16143155, 0.95966345, 0.23018672, 0.97490716, -0.11884586, -0.18823308, -3.2039595, 0.16108418, -1.4316244)
fov = 60.0

[node name="StaticBody3D" type="StaticBody3D" parent="InteractionArea" unique_id=375603284]
collision_layer = 2

[node name="CollisionShape3D" type="CollisionShape3D" parent="InteractionArea/StaticBody3D" unique_id=1856469877]
transform = Transform3D(1, 0, 0, 0, 1, 0, 0, 0, 1, 0, 5.9486732, 0)
shape = SubResource("CylinderShape3D_vm1ek")

[editable path="CubedSkybox"]
[editable path="Cubed_Planet"]
[editable path="Door"]
[editable path="Door/DoorBaseModel"]
[editable path="Door/DoorBaseModel/DoorAnims"]
[editable path="Door/DoorBaseModel/DoorVFX"]
[editable path="InteractionArea"]
